10000
-2 -1
-4 4831
-72 1140
-40 2943
6 5141
40 6618
84 7322
-54 2322
-94 4
-2 4934
-46 2429
74 8576
-60 1139
-78 1
80 8785
-64 1723
90 8575
80 8982
-84 830
-86 3
34 6618
82 8875
60 7913
-82 491
84 9157
-74 1139
-14 4215
74 8577
-10 3636
78 8576
-32 2943
-78 1140
12 4932
-92 385
-4 4832
-64 1724
36 6813
-100 5
62 8098
-80 729
2 4932
66 8281
-8 4215
-22 3637
76 8575
80 8983
-62 1917
-40 2944
44 7005
-92 386
50 7323
-30 3539
-26 3735
-32 3236
-30 3540
-8 4615
40 7005
40 7006
78 8875
54 7324
4 4933
16 5645
40 7007
-76 1244
-4 4833
34 6619
8 4931
70 8188
-62 1918
-26 3736
98 9845
12 5645
-8 4616
-32 3423
62 8099
-50 2429
72 4930
-38 3156
-52 0
-10 4521
-56 2002
6 5243
-88 491
-38 3157
80 8984
-28 1
-16 2427
-92 387
84 9158
-76 1245
72 8577
4 5243
54 7718
-58 1723
94 9156
26 6034
2 5141
4 5244
-28 3637
-72 1438
-76 1246
16 5743
48 7431
-94 194
78 8876
14 5443
-2 4935
-68 1438
76 8785
22 6135
-14 4216
-24 3636
-6 4521
86 9156
22 6136
-82 922
-96 3
-24 3832
-14 4309
62 8100
8 5443
-62 1919
84 9159
38 6033
-6 4615
-66 2
4 5245
58 7322
42 6906
12 5646
50 7534
-54 2323
76 8786
-38 3158
26 6344
-18 4124
-36 2428
-58 2108
-76 1247
-4 4834
-14 4310
30 6344
-14 4311
28 6233
-34 3330
-62 1920
-18 4125
8 5444
-76 1248
98 9846
-16 4216
-46 2635
-36 3236
-16 4217
-82 923
-8 4617
-50 2430
-80 922
96 9463
88 9369
-82 924
50 7535
88 9370
90 9463
82 8982
-6 4732
62 8101
-12 4435
66 8282
24 6033
-74 1347
86 9157
96 9644
-56 2108
6 5343
30 6431
-58 2109
-28 3638
22 6137
66 8283
-26 3737
-84 831
-98 4
-26 3738
22 6138
48 7432
-66 1724
38 6906
-4 4835
14 5743
26 6345
10 5544
-2 4936
4 5246
30 6522
56 7534
-100 6
10 5545
-84 832
32 4931
30 6523
-46 2735
38 6907
2 5142
50 7536
30 6524
26 6346
-44 2851
40 7008
76 8787
-74 1348
48 7433
14 5744
52 7629
0 4933
16 5855
90 9464
-72 1439
-24 3833
12 5647
4 5247
40 7009
98 9847
80 8985
80 8986
-100 7
36 6814
-68 1538
-26 3739
-48 2428
70 8370
-74 1349
-44 2852
-92 388
-14 4312
16 5856
20 4930
-66 1725
-52 2430
14 5745
96 9734
16 5857
40 7010
-82 925
84 9160
-26 3740
-20 3832
-60 2002
-92 389
42 7122
-80 1030
86 9274
-74 1350
4 5248
82 9064
-78 1141
24 6233
-16 4218
-36 3237
-50 2530
-60 2003
86 9275
-8 4618
-92 390
-32 3424
8 5445
-78 1142
56 7718
64 7323
90 9465
-66 1726
-92 391
98 9848
-24 3834
-78 1143
-40 3048
96 9735
-68 1629
-52 2431
-32 3425
-2 4937
-52 2432
62 8102
16 5858
-24 3835
28 6431
-8 4619
56 7814
-30 3541
-22 3933
84 9161
-2 4938
-88 492
-86 729
-56 2215
-86 730
-92 392
-74 1351
-50 2531
58 7914
-34 3331
-22 3934
62 8103
-90 2
-40 3049
-42 2427
92 9554
-62 1921
96 9736
90 9466
-82 926
-52 2433
-88 604
32 6619
-18 4126
-26 3741
-82 927
78 8877
46 0
-30 3542
-80 1031
24 6234
-98 5
30 6525
10 5546
62 8104
40 7011
-88 605
-82 928
76 8788
72 8578
14 5746
62 8105
52 7630
-60 2004
-10 4522
90 9467
-22 3935
-32 3426
66 8284
-58 2110
0 4934
-30 3543
-32 3427
-78 1144
14 5747
28 6432
-18 4127
52 7631
-28 3639
-32 3428
48 7434
34 6713
-60 2005
62 8106
-70 1347
-40 3050
2 5143
52 7632
-98 93
-14 4313
92 9555
-34 3332
54 7719
-48 2635
-46 2736
96 9737
8 5446
-56 2216
-78 1145
-92 393
32 6620
-30 3544
54 7720
-96 194
76 8789
-78 1146
-36 3238
22 6139
72 8579
20 6034
-90 492
-46 2737
-28 3640
-16 4219
-34 3333
-16 4220
-84 833
-34 3334
-20 3933
10 5547
52 7633
-4 4836
-44 2853
-56 2217
-34 3335
-22 3936
42 7123
-20 4033
-66 1727
10 5548
40 7012
40 7013
-20 4034
-92 394
88 9371
-22 3937
-48 2636
-6 4733
42 7124
-42 2944
60 7914
62 8107
2 5144
-84 834
-14 4314
16 5859
12 5648
-36 3239
6 5344
96 9738
-98 94
68 7913
-46 2738
14 5748
62 8108
8 5447
8 5448
22 6140
-82 929
30 6526
26 6347
-50 2532
-14 4315
-26 3742
-4 4837
36 6815
-68 1630
38 6908
-92 395
-14 4316
84 9162
-94 279
-94 280
-32 3429
-56 2218
20 6035
36 6816
-52 2434
78 8878
62 8109
-60 2006
96 9739
-26 3743
-42 2945
-96 195
8 5449
-46 2739
-28 3641
-34 3336
-90 493
-36 3240
14 5749
-88 606
6 5345
34 6714
74 8680
-44 2854
-32 3430
-10 4523
54 7721
-48 2637
-78 1147
-68 1631
34 6715
26 6348
62 8110
76 8790
26 6349
-36 3241
36 6817
46 7324
-46 2740
66 8285
-82 930
-2 4939
22 6141
-42 2946
-14 4317
54 7722
-52 2435
92 9556
-4 4838
14 5750
-50 2533
-14 4318
-78 1148
-2 4940
72 8580
4 5249
-76 1249
-90 494
48 7435
60 8002
-70 1538
64 8188
0 5028
-92 396
76 8791
-80 1032
14 5751
38 6909
-24 3836
76 8792
80 8987
-12 4436
-78 1149
84 9163
38 6910
-60 2007
68 8370
68 8371
74 8681
-98 95
-10 4524
84 9164
-20 4035
66 8286
10 5549
-80 1033
-88 607
80 8988
68 8372
-64 1810
36 6818
-30 3545
42 7125
-52 2436
-56 2219
96 9740
12 5649
50 7537
-78 1150
-26 3744
40 7014
70 8472
-36 3242
54 7723
66 8287
-14 4319
-78 1151
-92 397
-68 1632
50 7538
36 6819
-86 731
-8 4620
-100 8
-32 3431
6 5346
30 6527
-24 3837
32 6621
-14 4320
-38 3159
6 5347
90 9468
-82 931
64 8189
16 5860
38 6911
-58 2111
14 5752
-52 2437
10 5550
98 9849
68 8373
-42 2947
-46 2741
62 8111
-6 4734
-88 608
-32 3432
-62 1922
-18 4128
-64 1811
-54 2324
-34 3337
54 7724
-98 96
-28 3642
92 9557
-28 3643
-36 3243
88 9372
-70 1539
52 7634
54 7725
4 5250
-30 3546
-18 4129
-90 495
-62 1923
-82 932
34 6716
84 9165
-4 4839
-88 609
74 8682
-60 2008
88 9373
-54 2325
78 8879
-84 835
0 5029
90 9469
-90 496
10 5551
78 8880
-26 3745
92 9558
54 7726
-98 97
-24 3838
78 8881
-34 3338
-32 3433
-88 610
46 7325
58 7915
32 6622
-40 3051
12 5650
22 6142
58 7916
-94 281
-42 2948
38 6912
-86 732
20 6036
-84 836
-98 98
96 9741
46 7326
-32 3434
30 6528
-100 9
40 7015
62 8112
-36 3244
-18 4130
-88 611
-100 10
22 6143
-10 4525
0 5030
84 9166
68 8374
-22 3938
-66 1728
68 8375
-24 3839
6 5348
86 9276
82 9065
86 9277
-34 3339
-26 3746
22 6144
-30 3547
0 5031
44 7122
90 9470
76 8793
-8 4621
24 6235
56 7815
72 8581
66 8288
-32 3435
12 5651
46 7327
-86 733
84 9167
78 8882
-4 4840
-68 1633
-52 2438
-26 3747
48 7436
44 7204
-80 1034
42 7126
84 9168
96 9742
-30 3548
-42 2949
54 7727
-10 4526
-4 4841
54 7728
-38 3160
4 5251
-16 4221
-76 1250
-24 3840
-48 2638
72 8582
-68 1634
42 7127
-46 2742
16 5861
52 7635
-86 734
-62 1924
-6 4735
96 9743
-60 2009
2 5145
-44 2855
36 6820
24 6236
-82 933
-62 1925
28 6433
30 6529
52 7636
80 8989
44 7205
98 9850
12 5652
-90 497
32 6623
70 8473
0 5032
64 8190
-70 1540
2 5146
-94 282
-10 4527
-64 1812
50 7539
14 5753
94 9644
34 6717
48 7437
-48 2639
-54 2326
-36 3245
6 5349
6 5350
72 8583
62 8113
70 8474
42 7128
40 7016
-30 3549
-8 4622
-54 2327
-34 3340
-80 1035
62 8114
70 8475
-86 735
2 5147
-68 1635
50 7540
4 5252
-14 4321
-40 3052
2 5148
34 6718
8 5450
-78 1152
82 9066
6 5351
-72 1440
62 8115
74 8683
36 6821
-92 398
-76 1251
74 8684
32 6624
18 5946
2 5149
78 8883
-42 2950
-56 2220
-86 736
-86 737
-46 2743
4 5253
10 5552
92 9559
70 8476
24 6237
38 6913
-54 2328
-36 3246
78 8884
12 5653
-44 2856
60 8003
94 9645
2 5150
-12 4437
62 8116
70 8477
-68 1636
42 7129
32 6625
76 8794
6 5352
-20 4036
-60 2010
42 7130
-14 4322
50 7541
10 5553
34 6719
66 8289
78 8885
-72 1441
-48 2640
-48 2641
30 6530
-18 4131
-50 2534
-78 1153
-8 4623
-8 4624
-98 99
-76 1252
96 9744
-10 4528
-54 2329
8 5451
-58 2112
-10 4529
36 6822
-26 3748
86 9278
96 9745
-100 11
10 5554
-100 12
-68 1637
-18 4132
0 5033
-64 1813
-86 738
-4 4842
90 9471
12 5654
-58 2113
-4 4843
48 7438
62 8117
40 7017
56 7816
34 6720
30 6531
40 7018
-14 4323
90 9472
44 7206
-60 2011
-6 4736
44 7207
20 6037
30 6532
-24 3841
54 7729
54 7730
-16 4222
88 9374
8 5452
-6 4737
-96 196
-10 4530
-94 283
62 8118
-6 4738
-6 4739
16 5862
86 9279
-60 2012
70 8478
-64 1814
-20 4037
-30 3550
74 8685
-58 2114
74 8686
-42 2951
34 6721
-90 498
-88 612
96 9746
-62 1926
0 5034
-52 2439
-26 3749
-50 2535
-14 4324
26 6350
58 7917
76 8795
-4 4844
16 5863
58 7918
-80 1036
-88 613
-12 4438
96 9747
62 8119
54 7731
-78 1154
-94 284
-48 2642
72 8584
68 8376
96 9748
84 9169
52 7637
78 8886
-42 2952
60 8004
-66 1729
-36 3247
-92 399
78 8887
4 5254
48 7439
-82 934
-14 4325
-2 4941
-100 13
72 8585
52 7638
0 5035
36 6823
-50 2536
8 5453
-90 499
26 6351
-68 1638
-90 500
60 8005
0 5036
-78 1155
58 7919
58 7920
42 7131
8 5454
42 7132
28 6434
-98 100
-54 2330
-84 837
-78 1156
26 6352
84 9170
0 5037
38 6914
20 6038
62 8120
-50 2537
66 8290
-6 4740
-18 4133
4 5255
-86 739
-82 935
-90 501
-78 1157
8 5455
-86 740
14 5754
54 7732
-64 1815
-16 4223
-48 2643
-20 4038
46 7328
-36 3248
-46 2744
-32 3436
50 7542
78 8888
-60 2013
22 6145
-74 1352
80 8990
4 5256
-48 2644
0 5038
-28 3644
22 6146
-46 2745
-16 4224
-12 4439
-64 1816
52 7639
-66 1730
-16 4225
-100 14
40 7019
-82 936
-62 1927
54 7733
-54 2331
-30 3551
76 8796
14 5755
-58 2115
-68 1639
-76 1253
-10 4531
34 6722
64 8191
-18 4134
40 7020
44 7208
68 8377
-10 4532
-24 3842
-10 4533
96 9749
-16 4226
64 8192
76 8797
88 9375
-20 4039
18 5947
8 5456
36 6824
8 5457
-100 15
-22 3939
-86 741
-52 2440
-44 2857
52 7640
-36 3249
-86 742
-60 2014
80 8991
-38 3161
30 6533
-34 3341
68 8378
84 9171
-78 1158
-14 4326
-52 2441
26 6353
54 7734
-92 400
48 7440
-80 1037
-66 1731
0 5039
-24 3843
64 8193
-40 3053
-88 614
-58 2116
-82 937
22 6147
-62 1928
-10 4534
12 5655
14 5756
96 9750
-100 16
-34 3342
10 5555
-60 2015
32 6626
64 8194
22 6148
54 7735
56 7817
90 9473
54 7736
80 8992
-54 2332
-46 2746
-82 938
38 6915
-6 4741
-24 3844
86 9280
88 9376
10 5556
82 9067
8 5458
96 9751
-68 1640
60 8006
52 7641
60 8007
-24 3845
-30 3552
96 9752
44 7209
34 6723
-66 1732
54 7737
-94 285
16 5864
-88 615
-76 1254
-32 3437
-28 3645
50 7543
64 8195
56 7818
-46 2747
90 9474
-82 939
-4 4845
40 7021
86 9281
32 6627
74 8687
44 7210
-12 4440
-44 2858
-22 3940
-68 1641
-20 4040
-32 3438
16 5865
-68 1642
-98 101
-22 3941
-36 3250
-68 1643
22 6149
68 8379
-22 3942
-48 2645
66 8291
46 7329
20 6039
84 9172
-90 502
-38 3162
14 5757
-74 1353
86 9282
-50 2538
-46 2748
-68 1644
52 7642
-50 2539
74 8688
-10 4535
-16 4227
70 8479
-36 3251
-98 102
-80 1038
-22 3943
58 7921
-28 3646
-2 4942
-2 4943
90 9475
14 5758
14 5759
52 7643
48 7441
64 8196
28 6435
60 8008
52 7644
44 7211
68 8380
2 5151
80 8993
-10 4536
-58 2117
0 5040
78 8889
28 6436
-80 1039
6 5353
36 6825
56 7819
14 5760
94 9646
66 8292
74 8689
30 6534
68 8381
-72 1442
40 7022
4 5257
50 7544
-80 1040
-28 3647
20 6040
72 8586
48 7442
-50 2540
-82 940
54 7738
28 6437
-10 4537
-96 197
40 7023
-50 2541
-22 3944
6 5354
74 8690
-8 4625
92 9560
-78 1159
24 6238
-66 1733
96 9753
36 6826
64 8197
82 9068
86 9283
48 7443
18 5948
-62 1929
56 7820
70 8480
54 7739
82 9069
-32 3439
-72 1443
-18 4135
0 5041
54 7740
68 8382
86 9284
-8 4626
66 8293
36 6827
54 7741
-48 2646
34 6724
40 7024
-66 1734
-72 1444
88 9377
6 5355
20 6041
-26 3750
2 5152
90 9476
-24 3846
84 9173
-82 941
22 6150
-62 1930
24 6239
-86 743
-98 103
20 6042
68 8383
-86 744
-60 2016
22 6151
30 6535
-84 838
-38 3163
-46 2749
36 6828
88 9378
76 8798
0 5042
38 6916
68 8384
-48 2647
34 6725
-90 503
-4 4846
96 9754
-68 1645
-64 1817
-94 286
98 9851
44 7212
72 8587
86 9285
46 7330
-90 504
-38 3164
18 5949
84 9174
42 7133
-30 3553
-88 616
40 7025
90 9477
-42 2953
58 7922
-40 3054
-46 2750
68 8385
8 5459
-56 2221
44 7213
0 5043
34 6726
70 8481
-18 4136
26 6354
-76 1255
-32 3440
-48 2648
18 5950
-22 3945
68 8386
44 7214
-24 3847
48 7444
0 5044
90 9478
88 9379
68 8387
78 8890
-24 3848
8 5460
22 6152
-6 4742
-56 2222
-26 3751
32 6628
-24 3849
6 5356
46 7331
48 7445
8 5461
52 7645
54 7742
60 8009
2 5153
74 8691
-34 3343
-70 1541
-88 617
60 8010
-76 1256
-40 3055
14 5761
-94 287
56 7821
66 8294
14 5762
-52 2442
-30 3554
-54 2333
-100 17
32 6629
-60 2017
24 6240
-52 2443
56 7822
-42 2954
-90 505
64 8198
-16 4228
64 8199
50 7545
16 5866
28 6438
-80 1041
42 7134
-38 3165
-96 198
78 8891
68 8388
64 8200
-36 3252
54 7743
40 7026
-30 3555
44 7215
42 7135
80 8994
-8 4627
12 5656
10 5557
-30 3556
-24 3850
-26 3752
46 7332
56 7823
-36 3253
-38 3166
30 6536
-14 4327
36 6829
-16 4229
-50 2542
-18 4137
38 6917
-38 3167
-56 2223
52 7646
54 7744
78 8892
-84 839
78 8893
6 5357
-42 2955
40 7027
38 6918
-18 4138
-92 401
56 7824
32 6630
20 6043
68 8389
36 6830
32 6631
-46 2751
-72 1445
-58 2118
-18 4139
-52 2444
-80 1042
-2 4944
6 5358
-90 506
58 7923
62 8121
-44 2859
-18 4140
-34 3344
-94 288
2 5154
64 8201
-36 3254
98 9852
28 6439
-94 289
-4 4847
74 8692
84 9175
-20 4041
86 9286
22 6153
0 5045
-28 3648
18 5951
42 7136
-8 4628
18 5952
-32 3441
-20 4042
82 9070
60 8011
-24 3851
-90 507
92 9561
-78 1160
-46 2752
-48 2649
28 6440
74 8693
10 5558
-48 2650
42 7137
56 7825
-44 2860
28 6441
0 5046
-16 4230
82 9071
-12 4441
82 9072
-92 402
6 5359
-74 1354
74 8694
30 6537
32 6632
-10 4538
30 6538
-92 403
66 8295
96 9755
34 6727
34 6728
-100 18
-90 508
-74 1355
56 7826
30 6539
-28 3649
52 7647
-72 1446
-84 840
-12 4442
94 9647
-28 3650
-68 1646
-10 4539
10 5559
26 6355
84 9176
40 7028
40 7029
-12 4443
44 7216
-46 2753
86 9287
92 9562
-78 1161
4 5258
14 5763
46 7333
12 5657
42 7138
-8 4629
-74 1356
-88 618
-96 199
-94 290
-88 619
16 5867
74 8695
94 9648
-8 4630
-100 19
90 9479
-10 4540
-90 509
-76 1257
-76 1258
82 9073
14 5764
-14 4328
-86 745
70 8482
-76 1259
-4 4848
24 6241
-70 1542
-90 510
36 6831
-24 3852
-72 1447
-68 1647
24 6242
-46 2754
-10 4541
-30 3557
34 6729
96 9756
-2 4945
30 6540
-84 841
74 8696
26 6356
46 7334
-100 20
94 9649
2 5155
-92 404
-2 4946
-30 3558
46 7335
-96 200
98 9853
68 8390
-70 1543
40 7030
26 6357
46 7336
-78 1162
10 5560
-28 3651
86 9288
64 8202
-58 2119
-70 1544
-96 201
-82 942
46 7337
-68 1648
56 7827
-56 2224
-88 620
-96 202
54 7745
-8 4631
38 6919
42 7139
6 5360
-32 3442
24 6243
96 9757
-2 4947
72 8588
-96 203
-12 4444
56 7828
80 8995
66 8296
-28 3652
-64 1818
-30 3559
98 9854
52 7648
90 9480
20 6044
-48 2651
-2 4948
28 6442
94 9650
-48 2652
-62 1931
-14 4329
58 7924
-70 1545
-34 3345
-46 2755
8 5462
-32 3443
-26 3753
-80 1043
-30 3560
-8 4632
58 7925
-58 2120
10 5561
64 8203
8 5463
58 7926
84 9177
24 6244
-92 405
4 5259
-4 4849
68 8391
-78 1163
-30 3561
90 9481
28 6443
44 7217
0 5047
-44 2861
66 8297
98 9855
50 7546
28 6444
6 5361
-14 4330
-16 4231
-38 3168
14 5765
74 8697
40 7031
2 5156
-98 104
-50 2543
6 5362
-32 3444
24 6245
40 7032
22 6154
-48 2653
-58 2121
-8 4633
90 9482
56 7829
-78 1164
78 8894
-58 2122
-44 2862
-64 1819
-94 291
80 8996
94 9651
12 5658
52 7649
-84 842
-90 511
-54 2334
-70 1546
90 9483
84 9178
80 8997
-100 21
60 8012
20 6045
-78 1165
50 7547
-12 4445
2 5157
62 8122
82 9074
-72 1448
-6 4743
-4 4850
-64 1820
98 9856
86 9289
50 7548
82 9075
-18 4141
-70 1547
-90 512
-24 3853
62 8123
-34 3346
-68 1649
-30 3562
6 5363
8 5464
-34 3347
62 8124
-68 1650
8 5465
36 6832
4 5260
-92 406
24 6246
26 6358
-2 4949
80 8998
-84 843
-20 4043
-74 1357
-12 4446
-34 3348
-20 4044
14 5766
68 8392
-44 2863
86 9290
76 8799
96 9758
-100 22
12 5659
6 5364
84 9179
36 6833
10 5562
-8 4634
46 7338
-80 1044
38 6920
64 8204
58 7927
46 7339
74 8698
-6 4744
-56 2225
58 7928
78 8895
-6 4745
-54 2335
34 6730
-48 2654
-44 2864
40 7033
56 7830
38 6921
-18 4142
-32 3445
78 8896
44 7218
68 8393
0 5048
56 7831
-90 513
-90 514
-2 4950
-88 621
-48 2655
-60 2018
64 8205
32 6633
6 5365
-98 105
-72 1449
46 7340
-26 3754
-64 1821
88 9380
-66 1735
26 6359
56 7832
-22 3946
-96 204
-60 2019
70 8483
90 9484
98 9857
-80 1045
30 6541
30 6542
-64 1822
-10 4542
-22 3947
-34 3349
32 6634
84 9180
12 5660
64 8206
2 5158
-90 515
-64 1823
-86 746
-40 3056
-66 1736
-88 622
10 5563
-10 4543
-54 2336
20 6046
-36 3255
-96 205
24 6247
-42 2956
96 9759
-62 1932
86 9291
36 6834
46 7341
28 6445
66 8298
24 6248
86 9292
-44 2865
-100 23
-72 1450
22 6155
-26 3755
-32 3446
70 8484
72 8589
56 7833
-54 2337
40 7034
-52 2445
24 6249
-32 3447
40 7035
-100 24
10 5564
4 5261
-48 2656
92 9563
-4 4851
46 7342
38 6922
94 9652
88 9381
-24 3854
-6 4746
42 7140
94 9653
64 8207
0 5049
96 9760
98 9858
68 8394
20 6047
42 7141
-84 844
-54 2338
-74 1358
4 5262
-36 3256
-26 3756
26 6360
86 9293
-72 1451
-70 1548
-6 4747
-6 4748
38 6923
56 7834
96 9761
-48 2657
4 5263
80 8999
-92 407
16 5868
-82 943
-14 4331
20 6048
-90 516
38 6924
-92 408
-60 2020
-44 2866
64 8208
-32 3448
-48 2658
58 7929
88 9382
8 5466
-88 623
-16 4232
-42 2957
88 9383
64 8209
72 8590
70 8485
64 8210
-92 409
82 9076
12 5661
-66 1737
18 5953
-72 1452
-98 106
-74 1359
20 6049
48 7446
58 7930
-70 1549
-24 3855
50 7549
-8 4635
-52 2446
52 7650
-44 2867
-30 3563
-82 944
0 5050
70 8486
8 5467
-36 3257
-14 4332
-78 1166
6 5366
34 6731
-24 3856
90 9485
28 6446
20 6050
64 8211
20 6051
-52 2447
56 7835
-80 1046
-98 107
38 6925
-62 1933
-26 3757
-24 3857
-54 2339
10 5565
-16 4233
86 9294
48 7447
12 5662
34 6732
52 7651
60 8013
-40 3057
-88 624
-96 206
-94 292
-28 3653
-74 1360
2 5159
84 9181
-6 4749
-94 293
84 9182
20 6052
-62 1934
-94 294
0 5051
60 8014
78 8897
78 8898
46 7343
-8 4636
76 8800
54 7746
-92 410
96 9762
-64 1824
-56 2226
18 5954
72 8591
-60 2021
76 8801
0 5052
-8 4637
-92 411
16 5869
84 9183
56 7836
-62 1935
66 8299
-64 1825
38 6926
82 9077
-74 1361
30 6543
96 9763
98 9859
-32 3449
6 5367
-88 625
-26 3758
10 5566
-92 412
54 7747
-14 4333
-88 626
24 6250
92 9564
-58 2123
92 9565
-64 1826
48 7448
62 8125
-14 4334
-52 2448
-42 2958
-100 25
28 6447
38 6927
-30 3564
-18 4143
-34 3350
-36 3258
-72 1453
-22 3948
94 9654
0 5053
22 6156
4 5264
-60 2022
22 6157
-4 4852
-94 295
36 6835
-76 1260
24 6251
62 8126
84 9184
96 9764
-76 1261
34 6733
-20 4045
92 9566
46 7344
-22 3949
-2 4951
-84 845
92 9567
-24 3858
-72 1454
-46 2756
-8 4638
-34 3351
2 5160
62 8127
78 8899
-48 2659
-8 4639
36 6836
-68 1651
92 9568
-68 1652
32 6635
-46 2757
72 8592
-74 1362
34 6734
70 8487
-18 4144
-74 1363
-32 3450
60 8015
70 8488
-52 2449
-24 3859
-2 4952
46 7345
-98 108
-18 4145
70 8489
-98 109
84 9185
-12 4447
50 7550
-22 3950
-16 4234
70 8490
-46 2758
-82 945
-12 4448
6 5368
0 5054
32 6636
8 5468
12 5663
26 6361
-6 4750
38 6928
2 5161
-2 4953
-36 3259
90 9486
-58 2124
32 6637
26 6362
-62 1936
-90 517
-76 1262
-36 3260
-22 3951
24 6252
-96 207
-50 2544
44 7219
-14 4335
-98 110
44 7220
-66 1738
-42 2959
-36 3261
-30 3565
-84 846
8 5469
-28 3654
28 6448
-72 1455
76 8802
68 8395
38 6929
-12 4449
-96 208
-4 4853
46 7346
-90 518
-14 4336
-14 4337
52 7652
-72 1456
-94 296
-38 3169
-86 747
-4 4854
-10 4544
84 9186
-86 748
92 9569
34 6735
-48 2660
12 5664
-26 3759
90 9487
-14 4338
-10 4545
54 7748
-20 4046
-96 209
-94 297
-58 2125
-68 1653
62 8128
86 9295
-16 4235
34 6736
12 5665
-50 2545
20 6053
2 5162
-62 1937
84 9187
-30 3566
80 9000
80 9001
98 9860
-56 2227
-50 2546
98 9861
98 9862
26 6363
-88 627
-92 413
72 8593
-100 26
-100 27
-90 519
-32 3451
10 5567
16 5870
20 6054
-32 3452
-16 4236
86 9296
74 8699
2 5163
92 9570
-80 1047
48 7449
-60 2023
66 8300
-46 2759
-88 628
-28 3655
92 9571
44 7221
30 6544
-78 1167
-28 3656
48 7450
-86 749
-76 1263
-96 210
34 6737
-84 847
98 9863
84 9188
86 9297
-38 3170
-54 2340
-86 750
-94 298
56 7837
-2 4954
78 8900
44 7222
42 7142
-40 3058
24 6253
58 7931
64 8212
30 6545
-80 1048
-64 1827
68 8396
-52 2450
-4 4855
42 7143
-6 4751
-52 2451
-14 4339
-52 2452
-30 3567
-78 1168
-28 3657
40 7036
30 6546
50 7551
-26 3760
76 8803
34 6738
76 8804
20 6055
86 9298
42 7144
-64 1828
-54 2341
42 7145
-30 3568
-16 4237
24 6254
40 7037
-62 1938
-82 946
14 5767
-20 4047
-28 3658
-46 2760
84 9189
-48 2661
0 5055
88 9384
-90 520
58 7932
46 7347
-52 2453
-66 1739
74 8700
14 5768
20 6056
-26 3761
34 6739
-34 3352
28 6449
32 6638
-62 1939
-68 1654
-6 4752
-14 4340
-84 848
74 8701
86 9299
56 7838
-46 2761
-14 4341
-22 3952
-66 1740
38 6930
66 8301
-80 1049
-32 3453
-58 2126
-92 414
-76 1264
30 6547
-94 299
-78 1169
24 6255
78 8901
40 7038
64 8213
70 8491
-80 1050
-90 521
74 8702
-12 4450
56 7839
20 6057
-26 3762
-68 1655
30 6548
96 9765
-90 522
44 7223
-58 2127
-8 4640
20 6058
4 5265
-42 2960
8 5470
-66 1741
86 9300
38 6931
82 9078
96 9766
-70 1550
52 7653
28 6450
-72 1457
-34 3353
94 9655
74 8703
22 6158
60 8016
-68 1656
62 8129
-60 2024
-14 4342
-94 300
-16 4238
-72 1458
64 8214
64 8215
12 5666
34 6740
40 7039
26 6364
-30 3569
-94 301
66 8302
48 7451
38 6932
96 9767
74 8704
8 5471
80 9002
98 9864
56 7840
-100 28
80 9003
-80 1051
-30 3570
-84 849
-56 2228
96 9768
72 8594
86 9301
-90 523
82 9079
-32 3454
62 8130
52 7654
-78 1170
44 7224
94 9656
-44 2868
-48 2662
14 5769
38 6933
72 8595
4 5266
-82 947
-6 4753
82 9080
-56 2229
84 9190
-12 4451
-66 1742
-90 524
0 5056
2 5164
64 8216
40 7040
-66 1743
74 8705
-12 4452
-58 2128
64 8217
-54 2342
76 8805
-98 111
-4 4856
-76 1265
0 5057
-78 1171
20 6059
80 9004
-42 2961
32 6639
-34 3354
-96 211
-86 751
58 7933
-2 4955
4 5267
-44 2869
-60 2025
-26 3763
2 5165
4 5268
-56 2230
80 9005
62 8131
96 9769
-36 3262
22 6159
-50 2547
-38 3171
-16 4239
14 5770
-98 112
-32 3455
0 5058
-88 629
-50 2548
-20 4048
-54 2343
-62 1940
14 5771
42 7146
-78 1172
74 8706
-62 1941
10 5568
-94 302
22 6160
-18 4146
78 8902
96 9770
-24 3860
-62 1942
90 9488
-62 1943
-46 2762
76 8806
36 6837
40 7041
34 6741
-16 4240
-68 1657
-52 2454
-88 630
-28 3659
74 8707
-82 948
-62 1944
-14 4343
-30 3571
-28 3660
-94 303
-30 3572
24 6256
-58 2129
-94 304
-32 3456
-100 29
-98 113
-16 4241
-14 4344
-76 1266
88 9385
-32 3457
70 8492
18 5955
-12 4453
-34 3355
0 5059
-64 1829
86 9302
-46 2763
72 8596
60 8017
12 5667
32 6640
50 7552
2 5166
76 8807
-52 2455
66 8303
-26 3764
-46 2764
-28 3661
-22 3953
-72 1459
-54 2344
60 8018
-42 2962
-36 3263
38 6934
-32 3458
-42 2963
-94 305
-66 1744
80 9006
60 8019
48 7452
-26 3765
74 8708
82 9081
-80 1052
70 8493
-52 2456
-96 212
-2 4956
48 7453
-12 4454
-72 1460
-40 3059
86 9303
62 8132
82 9082
34 6742
90 9489
72 8597
32 6641
-30 3573
-62 1945
2 5167
-12 4455
6 5369
74 8709
-2 4957
2 5168
-36 3264
56 7841
24 6257
30 6549
-2 4958
8 5472
-18 4147
46 7348
-40 3060
88 9386
96 9771
22 6161
-26 3766
40 7042
22 6162
22 6163
92 9572
-82 949
-90 525
-82 950
-42 2964
82 9083
10 5569
74 8710
30 6550
50 7553
26 6365
62 8133
-66 1745
82 9084
48 7454
-88 631
-26 3767
26 6366
84 9191
88 9387
-76 1267
-24 3861
14 5772
56 7842
-84 850
50 7554
-8 4641
-46 2765
-96 213
-52 2457
-90 526
38 6935
-66 1746
68 8397
-90 527
46 7349
-84 851
0 5060
-48 2663
-64 1830
-76 1268
28 6451
94 9657
40 7043
-56 2231
38 6936
-24 3862
-100 30
6 5370
72 8598
10 5570
-66 1747
-84 852
-54 2345
-100 31
-40 3061
26 6367
-66 1748
84 9192
92 9573
-56 2232
26 6368
50 7555
-98 114
-42 2965
-88 632
-12 4456
-10 4546
40 7044
94 9658
-58 2130
-54 2346
-4 4857
86 9304
-68 1658
42 7147
-56 2233
-44 2870
54 7749
12 5668
60 8020
-92 415
46 7350
-72 1461
18 5956
10 5571
-74 1364
18 5957
0 5061
-4 4858
-78 1173
-50 2549
-60 2026
-84 853
-12 4457
-42 2966
-34 3356
26 6369
-6 4754
2 5169
30 6551
-84 854
-34 3357
50 7556
-8 4642
52 7655
-74 1365
32 6642
60 8021
-42 2967
96 9772
98 9865
6 5371
-82 951
98 9866
-62 1946
50 7557
-22 3954
56 7843
-6 4755
82 9085
92 9574
-84 855
24 6258
-92 416
90 9490
82 9086
-80 1053
-46 2766
64 8218
-50 2550
-78 1174
82 9087
-70 1551
30 6552
-50 2551
44 7225
18 5958
36 6838
46 7351
-76 1269
4 5269
70 8494
50 7558
40 7045
22 6164
-84 856
-24 3863
-14 4345
-40 3062
-70 1552
70 8495
46 7352
-42 2968
48 7455
70 8496
22 6165
-4 4859
38 6937
-22 3955
-12 4458
20 6060
66 8304
-22 3956
24 6259
96 9773
86 9305
38 6938
-36 3265
-46 2767
-60 2027
34 6743
0 5062
30 6553
26 6370
-94 306
-40 3063
84 9193
94 9659
-38 3172
-32 3459
48 7456
14 5773
48 7457
-76 1270
66 8305
24 6260
-92 417
30 6554
-78 1175
46 7353
86 9306
62 8134
22 6166
-74 1366
-10 4547
-82 952
-44 2871
-30 3574
-68 1659
-52 2458
-100 32
30 6555
-58 2131
40 7046
76 8808
28 6452
-4 4860
-42 2969
-98 115
14 5774
76 8809
-88 633
94 9660
44 7226
-42 2970
-44 2872
86 9307
58 7934
0 5063
-94 307
-4 4861
44 7227
16 5871
36 6839
14 5775
-32 3460
38 6939
-86 752
-48 2664
-74 1367
70 8497
72 8599
-24 3864
14 5776
-40 3064
-28 3662
20 6061
-54 2347
6 5372
26 6371
86 9308
-98 116
90 9491
-48 2665
68 8398
-86 753
-88 634
38 6940
-20 4049
80 9007
12 5669
-14 4346
-88 635
-88 636
36 6840
34 6744
66 8306
8 5473
-90 528
-56 2234
-28 3663
18 5959
-20 4050
-76 1271
30 6556
40 7047
-56 2235
-52 2459
48 7458
-58 2132
-88 637
-42 2971
52 7656
-100 33
26 6372
-72 1462
-94 308
-80 1054
-82 953
4 5270
-36 3266
2 5170
-12 4459
-90 529
16 5872
-48 2666
96 9774
46 7354
70 8498
-86 754
-62 1947
86 9309
8 5474
-72 1463
16 5873
44 7228
-76 1272
-84 857
-58 2133
88 9388
56 7844
-10 4548
42 7148
-66 1749
16 5874
-6 4756
-26 3768
38 6941
48 7459
58 7935
10 5572
82 9088
6 5373
-82 954
-98 117
-56 2236
-52 2460
-60 2028
-26 3769
-8 4643
-90 530
-72 1464
-40 3065
-4 4862
20 6062
6 5374
80 9008
-42 2972
60 8022
92 9575
-84 858
-56 2237
-92 418
76 8810
22 6167
12 5670
10 5573
24 6261
68 8399
54 7750
-84 859
-86 755
34 6745
-38 3173
8 5475
30 6557
-20 4051
-12 4460
-68 1660
-56 2238
-60 2029
-82 955
84 9194
16 5875
-54 2348
-46 2768
78 8903
-96 214
-28 3664
-14 4347
-26 3770
62 8135
-40 3066
-36 3267
44 7229
0 5064
-38 3174
40 7048
-72 1465
76 8811
36 6841
-96 215
34 6746
46 7355
70 8499
4 5271
78 8904
0 5065
-22 3957
-92 419
22 6168
-34 3358
10 5574
12 5671
96 9775
-18 4148
-20 4052
8 5476
-40 3067
64 8219
44 7230
56 7845
18 5960
-92 420
-54 2349
94 9661
-66 1750
48 7460
62 8136
68 8400
14 5777
-58 2134
-2 4959
-48 2667
-42 2973
10 5575
80 9009
34 6747
-68 1661
-74 1368
30 6558
-70 1553
-82 956
36 6842
34 6748
56 7846
-14 4348
-46 2769
84 9195
-34 3359
84 9196
26 6373
74 8711
86 9310
-64 1831
-42 2974
84 9197
-22 3958
38 6942
-84 860
-52 2461
-60 2030
-24 3865
82 9089
-4 4863
56 7847
-38 3175
-18 4149
-82 957
-64 1832
28 6453
94 9662
-64 1833
-86 756
88 9389
54 7751
-56 2239
-46 2770
-64 1834
-34 3360
52 7657
-60 2031
36 6843
78 8905
60 8023
0 5066
-42 2975
50 7559
28 6454
92 9576
-24 3866
-80 1055
-6 4757
-100 34
-64 1835
-20 4053
-76 1273
40 7049
22 6169
-44 2873
-72 1466
-70 1554
-42 2976
-94 309
82 9090
-48 2668
46 7356
-60 2032
34 6749
90 9492
70 8500
-94 310
16 5876
-60 2033
-90 531
-84 861
92 9577
46 7357
-18 4150
-54 2350
90 9493
72 8600
78 8906
46 7358
8 5477
56 7848
12 5672
-84 862
72 8601
96 9776
16 5877
4 5272
-56 2240
28 6455
-78 1176
74 8712
-22 3959
32 6643
72 8602
32 6644
82 9091
32 6645
48 7461
44 7231
22 6170
66 8307
-88 638
-16 4242
80 9010
-60 2034
-24 3867
44 7232
-88 639
-6 4758
-90 532
44 7233
16 5878
-84 863
8 5478
84 9198
-20 4054
-86 757
4 5273
12 5673
92 9578
50 7560
62 8137
-44 2874
-80 1056
-90 533
20 6063
10 5576
28 6456
-42 2977
0 5067
22 6171
38 6943
56 7849
8 5479
-56 2241
-40 3068
-4 4864
-12 4461
66 8308
52 7658
-42 2978
20 6064
-4 4865
-72 1467
54 7752
56 7850
-14 4349
-84 864
10 5577
6 5375
14 5778
44 7234
-62 1948
60 8024
96 9777
-66 1751
-98 118
-10 4549
-32 3461
-34 3361
-32 3462
68 8401
-58 2135
-38 3176
80 9011
88 9390
-64 1836
84 9199
-10 4550
66 8309
-22 3960
62 8138
-32 3463
-12 4462
76 8812
88 9391
-34 3362
38 6944
-88 640
-64 1837
-68 1662
-40 3069
-8 4644
-22 3961
-28 3665
-66 1752
90 9494
26 6374
-44 2875
50 7561
-46 2771
8 5480
-40 3070
-64 1838
14 5779
-56 2242
-66 1753
64 8220
-78 1177
-26 3771
-100 35
-72 1468
-2 4960
-56 2243
54 7753
-32 3464
72 8603
-14 4350
18 5961
34 6750
-2 4961
84 9200
-4 4866
-94 311
12 5674
12 5675
88 9392
-26 3772
36 6844
68 8402
-10 4551
-30 3575
28 6457
28 6458
40 7050
-48 2669
28 6459
-80 1057
-18 4151
-32 3465
-68 1663
28 6460
-38 3177
-22 3962
-82 958
32 6646
8 5481
24 6262
-88 641
74 8713
-18 4152
-68 1664
90 9495
-4 4867
14 5780
-12 4463
16 5879
-38 3178
28 6461
18 5962
92 9579
-84 865
12 5676
38 6945
-6 4759
-8 4645
-100 36
-58 2136
90 9496
28 6462
22 6172
64 8221
-42 2979
6 5376
18 5963
-52 2462
48 7462
-26 3773
-2 4962
-12 4464
78 8907
30 6559
-48 2670
28 6463
86 9311
96 9778
30 6560
-76 1274
-34 3363
68 8403
-4 4868
-96 216
-74 1369
-52 2463
-66 1754
38 6946
-60 2035
12 5677
-98 119
74 8714
-40 3071
-22 3963
-60 2036
-10 4552
-68 1665
-42 2980
38 6947
-24 3868
14 5781
10 5578
-58 2137
-68 1666
2 5171
8 5482
-48 2671
88 9393
64 8222
-4 4869
56 7851
14 5782
38 6948
-12 4465
64 8223
70 8501
-86 758
-62 1949
-36 3268
-8 4646
-28 3666
-30 3576
-56 2244
-84 866
-28 3667
82 9092
-68 1667
-44 2876
0 5068
90 9497
-78 1178
-50 2552
-42 2981
-90 534
68 8404
38 6949
58 7936
68 8405
-58 2138
26 6375
-46 2772
-100 37
58 7937
46 7359
-50 2553
8 5483
92 9580
38 6950
-38 3179
-24 3869
6 5377
-24 3870
72 8604
24 6263
-88 642
-20 4055
38 6951
-26 3774
84 9201
18 5964
64 8224
-38 3180
98 9867
84 9202
-70 1555
24 6264
32 6647
-76 1275
40 7051
16 5880
12 5678
18 5965
-70 1556
70 8502
-20 4056
62 8139
-24 3871
34 6751
-54 2351
-64 1839
-58 2139
76 8813
-68 1668
-46 2773
-92 421
94 9663
92 9581
48 7463
-70 1557
-62 1950
52 7659
64 8225
-40 3072
-40 3073
68 8406
78 8908
-32 3466
34 6752
-18 4153
-80 1058
20 6065
84 9203
-18 4154
-16 4243
10 5579
-44 2877
-82 959
4 5274
66 8310
-10 4553
26 6376
20 6066
-20 4057
-90 535
-26 3775
8 5484
90 9498
62 8140
-88 643
-84 867
-78 1179
-76 1276
-84 868
-42 2982
-48 2672
-46 2774
-8 4647
-40 3074
90 9499
66 8311
40 7052
52 7660
82 9093
-70 1558
6 5378
52 7661
-62 1951
60 8025
8 5485
-4 4870
-82 960
-30 3577
52 7662
98 9868
52 7663
-58 2140
68 8407
-8 4648
46 7360
-42 2983
50 7562
-92 422
-52 2464
-10 4554
-4 4871
2 5172
-22 3964
48 7464
92 9582
-92 423
-42 2984
48 7465
14 5783
-2 4963
0 5069
96 9779
-100 38
-44 2878
-40 3075
78 8909
82 9094
-14 4351
-22 3965
-56 2245
-46 2775
-88 644
50 7563
22 6173
-88 645
62 8141
88 9394
38 6952
58 7938
-40 3076
-20 4058
68 8408
-100 39
6 5379
62 8142
-46 2776
60 8026
-38 3181
86 9312
-44 2879
26 6377
-4 4872
18 5966
80 9012
-54 2352
98 9869
-90 536
-38 3182
68 8409
42 7149
-88 646
44 7235
-16 4244
8 5486
-96 217
-12 4466
30 6561
14 5784
6 5380
46 7361
16 5881
84 9204
-94 312
-68 1669
12 5679
92 9583
34 6753
-46 2777
54 7754
-88 647
34 6754
-40 3077
80 9013
68 8410
-62 1952
-58 2141
-44 2880
-40 3078
2 5173
-14 4352
-74 1370
-72 1469
-8 4649
92 9584
66 8312
-54 2353
68 8411
72 8605
-16 4245
-44 2881
2 5174
-48 2673
68 8412
94 9664
0 5070
88 9395
4 5275
6 5381
16 5882
14 5785
90 9500
82 9095
-56 2246
18 5967
-46 2778
-64 1840
38 6953
94 9665
-58 2142
24 6265
-34 3364
-52 2465
48 7466
-76 1277
-88 648
-72 1470
-84 869
-50 2554
42 7150
28 6464
32 6648
-36 3269
-100 40
82 9096
-42 2985
76 8814
-82 961
92 9585
-84 870
82 9097
6 5382
-80 1059
-80 1060
68 8413
74 8715
10 5580
-14 4353
96 9780
-58 2143
-24 3872
-92 424
-80 1061
-88 649
-30 3578
58 7939
10 5581
-24 3873
26 6378
50 7564
60 8027
-94 313
-2 4964
-70 1559
16 5883
-6 4760
-18 4155
-42 2986
-8 4650
-46 2779
28 6465
-42 2987
22 6174
14 5786
-50 2555
-40 3079
8 5487
-10 4555
10 5582
86 9313
20 6067
30 6562
40 7053
66 8313
6 5383
-70 1560
24 6266
78 8910
6 5384
-92 425
-66 1755
-16 4246
-94 314
-82 962
-90 537
66 8314
6 5385
-60 2037
-46 2780
76 8815
-54 2354
-76 1278
32 6649
94 9666
96 9781
-64 1841
72 8606
-44 2882
-18 4156
-18 4157
8 5488
-84 871
-54 2355
-46 2781
-94 315
86 9314
56 7852
28 6466
-54 2356
-80 1062
-92 426
-98 120
-94 316
98 9870
-52 2466
-74 1371
94 9667
-10 4556
-70 1561
-2 4965
-74 1372
48 7467
-94 317
96 9782
-36 3270
62 8143
-46 2782
-54 2357
78 8911
-16 4247
70 8503
48 7468
-12 4467
48 7469
94 9668
-14 4354
76 8816
32 6650
-24 3874
-12 4468
-40 3080
-92 427
16 5884
-20 4059
72 8607
-34 3365
30 6563
16 5885
-12 4469
-50 2556
-48 2674
-22 3966
-86 759
12 5680
54 7755
-22 3967
76 8817
-40 3081
-52 2467
36 6845
50 7565
54 7756
30 6564
-98 121
-8 4651
80 9014
-84 872
-56 2247
16 5886
-90 538
86 9315
50 7566
70 8504
54 7757
68 8414
-32 3467
-76 1279
28 6467
-54 2358
-2 4966
-40 3082
96 9783
18 5968
-92 428
-40 3083
92 9586
-22 3968
-70 1562
-56 2248
-14 4355
6 5386
10 5583
-46 2783
-24 3875
24 6267
-24 3876
-88 650
-28 3668
-90 539
-4 4873
4 5276
-20 4060
42 7151
98 9871
-48 2675
2 5175
-26 3776
-16 4248
-20 4061
-4 4874
94 9669
54 7758
-28 3669
72 8608
40 7054
-36 3271
-10 4557
90 9501
66 8315
90 9502
60 8028
-38 3183
-40 3084
-50 2557
-18 4158
82 9098
20 6068
12 5681
-30 3579
-14 4356
2 5176
-12 4470
16 5887
-88 651
34 6755
54 7759
62 8144
30 6565
-38 3184
16 5888
-22 3969
-34 3366
86 9316
-46 2784
-36 3272
20 6069
42 7152
-70 1563
20 6070
-64 1842
-80 1063
-88 652
44 7236
-44 2883
80 9015
94 9670
88 9396
48 7470
-6 4761
68 8415
-96 218
-50 2558
44 7237
48 7471
-20 4062
90 9503
2 5177
-92 429
44 7238
48 7472
84 9205
-64 1843
-60 2038
-22 3970
-74 1373
-86 760
78 8912
-84 873
78 8913
76 8818
-36 3273
-44 2884
76 8819
-96 219
38 6954
54 7760
80 9016
20 6071
-90 540
70 8505
-6 4762
-82 963
46 7362
-82 964
42 7153
-12 4471
-78 1180
-86 761
86 9317
78 8914
70 8506
60 8029
38 6955
-92 430
-14 4357
0 5071
-32 3468
-68 1670
36 6846
32 6651
-82 965
-46 2785
84 9206
68 8416
76 8820
76 8821
-92 431
-90 541
-24 3877
-2 4967
-96 220
16 5889
76 8822
-84 874
-14 4358
-22 3971
-86 762
34 6756
-56 2249
-94 318
32 6652
42 7154
34 6757
-96 221
96 9784
94 9671
-76 1280
56 7853
-28 3670
48 7473
90 9504
72 8609
36 6847
-2 4968
-4 4875
68 8417
12 5682
-32 3469
-92 432
-56 2250
96 9785
96 9786
-40 3085
84 9207
94 9672
-4 4876
-98 122
52 7664
-42 2988
24 6268
-88 653
-18 4159
64 8226
-76 1281
18 5969
-20 4063
-30 3580
84 9208
-20 4064
-86 763
-38 3185
24 6269
-58 2144
36 6848
74 8716
-16 4249
14 5787
74 8717
32 6653
20 6072
14 5788
10 5584
-64 1844
10 5585
52 7665
-72 1471
-14 4359
-56 2251
86 9318
88 9397
-98 123
10 5586
-80 1064
64 8227
70 8507
-44 2885
28 6468
-8 4652
10 5587
72 8610
8 5489
-64 1845
-86 764
4 5277
88 9398
94 9673
54 7761
-90 542
72 8611
68 8418
-30 3581
-74 1374
-4 4877
-76 1282
94 9674
-18 4160
-28 3671
80 9017
-40 3086
54 7762
-98 124
0 5072
-16 4250
-72 1472
-64 1846
-64 1847
-48 2676
30 6566
-8 4653
4 5278
-60 2039
-56 2252
80 9018
6 5387
66 8316
-94 319
-54 2359
-30 3582
-34 3367
50 7567
-78 1181
-34 3368
-6 4763
-32 3470
74 8718
-74 1375
84 9209
-68 1671
-54 2360
-70 1564
24 6270
-56 2253
-42 2989
68 8419
88 9399
-68 1672
-32 3471
48 7474
16 5890
-60 2040
94 9675
-24 3878
52 7666
-8 4654
-98 125
-50 2559
68 8420
-100 41
-78 1182
-38 3186
40 7055
26 6379
12 5683
86 9319
80 9019
-70 1565
-66 1756
-30 3583
60 8030
-6 4764
-54 2361
-2 4969
66 8317
70 8508
58 7940
6 5388
-78 1183
-18 4161
-94 320
-92 433
-26 3777
2 5178
-24 3879
-100 42
84 9210
-72 1473
-80 1065
58 7941
-24 3880
72 8612
82 9099
-64 1848
14 5789
80 9020
-56 2254
4 5279
10 5588
-14 4360
-30 3584
92 9587
0 5073
-14 4361
-94 321
68 8421
44 7239
-58 2145
-74 1376
-46 2786
48 7475
-76 1283
60 8031
96 9787
10 5589
-88 654
68 8422
72 8613
-52 2468
-62 1953
14 5790
-58 2146
54 7763
88 9400
-58 2147
40 7056
64 8228
-68 1673
-60 2041
-40 3087
-30 3585
88 9401
-22 3972
-34 3369
6 5389
74 8719
-20 4065
-4 4878
58 7942
-14 4362
-54 2362
20 6073
66 8318
88 9402
-34 3370
-78 1184
-84 875
78 8915
60 8032
-50 2560
-14 4363
-34 3371
18 5970
94 9676
-34 3372
-4 4879
82 9100
70 8509
-58 2148
-20 4066
-14 4364
66 8319
24 6271
40 7057
-60 2042
32 6654
12 5684
-100 43
84 9211
-42 2990
8 5490
64 8229
18 5971
-64 1849
72 8614
-56 2255
-14 4365
88 9403
-44 2886
26 6380
-44 2887
-54 2363
58 7943
98 9872
-78 1185
-80 1066
-82 966
18 5972
-4 4880
-24 3881
-96 222
-96 223
78 8916
92 9588
-28 3672
-52 2469
24 6272
-36 3274
-8 4655
0 5074
80 9021
-62 1954
70 8510
-94 322
-30 3586
-54 2364
80 9022
-82 967
-36 3275
-98 126
0 5075
60 8033
-40 3088
-82 968
-80 1067
32 6655
6 5390
-30 3587
-70 1566
36 6849
-90 543
-60 2043
-28 3673
-62 1955
-82 969
74 8720
86 9320
-14 4366
64 8230
54 7764
92 9589
-28 3674
-72 1474
-86 765
-32 3472
72 8615
18 5973
48 7476
70 8511
-88 655
-22 3973
-70 1567
58 7944
70 8512
-8 4656
84 9212
-26 3778
22 6175
-32 3473
-16 4251
14 5791
40 7058
-98 127
54 7765
-42 2991
-6 4765
84 9213
46 7363
46 7364
-44 2888
-62 1956
42 7155
32 6656
-88 656
-58 2149
-6 4766
20 6074
-24 3882
38 6956
-62 1957
-2 4970
48 7477
-82 970
76 8823
10 5590
56 7854
96 9788
88 9404
60 8034
62 8145
6 5391
40 7059
68 8423
0 5076
-100 44
92 9590
98 9873
62 8146
-20 4067
-22 3974
-62 1958
56 7855
54 7766
20 6075
-92 434
-8 4657
-8 4658
-52 2470
88 9405
82 9101
-46 2787
78 8917
-78 1186
-10 4558
-100 45
34 6758
-48 2677
-64 1850
44 7240
78 8918
-6 4767
30 6567
-72 1475
10 5591
-14 4367
2 5179
-30 3588
-2 4971
74 8721
-48 2678
-28 3675
-38 3187
52 7667
58 7945
78 8919
-80 1068
48 7478
-74 1377
-98 128
-46 2788
-26 3779
-32 3474
-44 2889
-32 3475
-54 2365
16 5891
2 5180
-96 224
-30 3589
-64 1851
60 8035
-100 46
22 6176
-48 2679
-90 544
30 6568
-52 2471
-16 4252
86 9321
20 6076
68 8424
14 5792
44 7241
-38 3188
92 9591
-86 766
56 7856
-100 47
26 6381
56 7857
58 7946
-24 3883
22 6177
-6 4768
-50 2561
-74 1378
76 8824
-40 3089
-14 4368
44 7242
-92 435
6 5392
20 6077
88 9406
-92 436
-60 2044
10 5592
36 6850
-10 4559
-8 4659
-48 2680
30 6569
-84 876
-46 2789
70 8513
-66 1757
90 9505
98 9874
36 6851
78 8920
-12 4472
-80 1069
-6 4769
-14 4369
-88 657
30 6570
-34 3373
48 7479
28 6469
-68 1674
34 6759
16 5892
2 5181
4 5280
64 8231
86 9322
48 7480
48 7481
-86 767
92 9592
-28 3676
-12 4473
-72 1476
-68 1675
78 8921
-44 2890
16 5893
-22 3975
94 9677
-6 4770
-86 768
18 5974
-82 971
-44 2891
-58 2150
14 5793
-70 1568
-2 4972
28 6470
54 7767
-50 2562
54 7768
90 9506
-96 225
-34 3374
-96 226
-18 4162
-100 48
12 5685
-58 2151
-8 4660
-66 1758
8 5491
-76 1284
96 9789
-2 4973
-4 4881
-46 2790
-70 1569
-94 323
86 9323
-40 3090
44 7243
-98 129
40 7060
-64 1852
88 9407
18 5975
-24 3884
0 5077
8 5492
-38 3189
-28 3677
-68 1676
-78 1187
-66 1759
56 7858
-4 4882
32 6657
98 9875
78 8922
44 7244
42 7156
20 6078
-32 3476
-82 972
62 8147
-4 4883
-50 2563
-42 2992
28 6471
10 5593
-76 1285
-50 2564
-94 324
82 9102
18 5976
52 7668
-98 130
34 6760
6 5393
-82 973
44 7245
88 9408
-10 4560
-80 1070
-84 877
-14 4370
62 8148
-48 2681
44 7246
-56 2256
98 9876
52 7669
16 5894
10 5594
-14 4371
-52 2472
20 6079
-74 1379
-12 4474
62 8149
8 5493
40 7061
72 8616
-46 2791
96 9790
6 5394
-46 2792
-86 769
16 5895
84 9214
-66 1760
88 9409
-10 4561
50 7568
76 8825
56 7859
86 9324
-50 2565
-12 4475
-46 2793
-86 770
70 8514
92 9593
12 5686
-46 2794
-38 3190
-60 2045
36 6852
86 9325
84 9215
70 8515
-20 4068
62 8150
12 5687
-70 1570
-50 2566
74 8722
90 9507
-6 4771
10 5595
16 5896
-8 4661
72 8617
-52 2473
-42 2993
24 6273
-60 2046
54 7769
-8 4662
38 6957
-98 131
-28 3678
-70 1571
-60 2047
-8 4663
54 7770
-78 1188
-66 1761
-22 3976
-16 4253
-32 3477
0 5078
-6 4772
30 6571
-70 1572
70 8516
42 7157
-38 3191
-50 2567
-26 3780
52 7670
-94 325
-22 3977
46 7365
2 5182
66 8320
-82 974
92 9594
-64 1853
-86 771
-100 49
60 8036
-50 2568
-52 2474
-34 3375
-22 3978
34 6761
-78 1189
6 5395
-22 3979
56 7860
-90 545
98 9877
-34 3376
-70 1573
22 6178
48 7482
-34 3377
86 9326
-76 1286
-36 3276
2 5183
82 9103
-12 4476
68 8425
-2 4974
-80 1071
44 7247
92 9595
26 6382
-16 4254
-86 772
16 5897
98 9878
20 6080
-52 2475
84 9216
-86 773
90 9508
38 6958
54 7771
82 9104
-2 4975
-88 658
-40 3091
42 7158
22 6179
-30 3590
-58 2152
36 6853
90 9509
92 9596
6 5396
-48 2682
82 9105
-82 975
8 5494
0 5079
86 9327
-54 2366
32 6658
-98 132
52 7671
-56 2257
-20 4069
94 9678
0 5080
-54 2367
6 5397
32 6659
12 5688
-94 326
-4 4884
90 9510
-24 3885
-58 2153
30 6572
-88 659
-82 976
-20 4070
30 6573
24 6274
10 5596
-100 50
90 9511
92 9597
18 5977
-22 3980
-54 2368
68 8426
-26 3781
2 5184
4 5281
20 6081
-60 2048
50 7569
50 7570
46 7366
56 7861
-96 227
40 7062
-10 4562
84 9217
-14 4372
-10 4563
-10 4564
-36 3277
54 7772
44 7248
-100 51
-22 3981
36 6854
-60 2049
2 5185
16 5898
28 6472
-46 2795
-8 4664
32 6660
64 8232
-88 660
-54 2369
-8 4665
-98 133
6 5398
-80 1072
24 6275
-46 2796
-24 3886
-98 134
24 6276
-44 2892
22 6180
6 5399
38 6959
72 8618
12 5689
-44 2893
72 8619
-40 3092
-82 977
92 9598
-8 4666
-8 4667
-60 2050
-30 3591
10 5597
74 8723
-6 4773
-10 4565
-98 135
14 5794
98 9879
-20 4071
28 6473
-18 4163
86 9328
-32 3478
-82 978
-10 4566
-74 1380
60 8037
12 5690
-40 3093
-96 228
60 8038
38 6960
-14 4373
-66 1762
-36 3278
-42 2994
22 6181
32 6661
-66 1763
66 8321
2 5186
-90 546
-62 1959
44 7249
80 9023
-10 4567
-22 3982
52 7672
84 9218
-14 4374
46 7367
32 6662
80 9024
-50 2569
-36 3279
-56 2258
48 7483
30 6574
-80 1073
6 5400
-52 2476
98 9880
36 6855
-42 2995
18 5978
-18 4164
-76 1287
78 8923
40 7063
88 9410
-26 3782
8 5495
-48 2683
22 6182
94 9679
98 9881
78 8924
-10 4568
24 6277
74 8724
-50 2570
-58 2154
82 9106
-96 229
-100 52
28 6474
66 8322
-2 4976
24 6278
36 6856
-56 2259
62 8151
6 5401
8 5496
-86 774
-28 3679
22 6183
4 5282
-56 2260
96 9791
68 8427
-88 661
-6 4774
-70 1574
20 6082
72 8620
42 7159
40 7064
66 8323
78 8925
-42 2996
64 8233
-42 2997
30 6575
98 9882
-56 2261
-84 878
-64 1854
6 5402
16 5899
36 6857
-10 4569
0 5081
-30 3592
-72 1477
88 9411
-30 3593
-92 437
-14 4375
68 8428
-10 4570
-46 2797
76 8826
46 7368
66 8324
-80 1074
60 8039
-52 2477
42 7160
58 7947
36 6858
82 9107
98 9883
28 6475
-54 2370
-4 4885
90 9512
-6 4775
56 7862
82 9108
-58 2155
-34 3378
-58 2156
14 5795
14 5796
6 5403
-40 3094
-76 1288
-22 3983
-46 2798
-18 4165
2 5187
-98 136
62 8152
-56 2262
-38 3192
-98 137
42 7161
74 8725
-50 2571
-46 2799
96 9792
-42 2998
-56 2263
-56 2264
80 9025
28 6476
14 5797
-2 4977
36 6859
-42 2999
68 8429
-70 1575
-2 4978
20 6083
-64 1855
44 7250
38 6961
64 8234
-54 2371
8 5497
72 8621
38 6962
-76 1289
-22 3984
-26 3783
6 5404
52 7673
-98 138
54 7773
14 5798
18 5979
-34 3379
30 6576
-16 4255
58 7948
78 8926
-28 3680
2 5188
12 5691
18 5980
58 7949
-24 3887
12 5692
58 7950
34 6762
32 6663
58 7951
-58 2157
84 9219
48 7484
-14 4376
40 7065
70 8517
52 7674
-30 3594
46 7369
-90 547
-34 3380
30 6577
42 7162
-98 139
-26 3784
-32 3479
-62 1960
-56 2265
-24 3888
14 5799
-76 1290
-40 3095
-56 2266
8 5498
-54 2372
-16 4256
44 7251
92 9599
46 7370
26 6383
-56 2267
-20 4072
-98 140
96 9793
-34 3381
-74 1381
0 5082
60 8040
12 5693
-90 548
68 8430
-34 3382
60 8041
6 5405
-14 4377
98 9884
74 8726
-92 438
-12 4477
-70 1576
48 7485
-76 1291
-70 1577
76 8827
-58 2158
40 7066
44 7252
-46 2800
12 5694
74 8727
-88 662
-18 4166
-50 2572
-72 1478
-28 3681
96 9794
-14 4378
36 6860
-8 4668
-80 1075
-18 4167
-10 4571
76 8828
50 7571
18 5981
70 8518
-96 230
58 7952
-26 3785
42 7163
-36 3280
16 5900
94 9680
20 6084
-88 663
-82 979
-26 3786
-92 439
-96 231
-100 53
-16 4257
46 7371
-100 54
-2 4979
50 7572
-60 2051
74 8728
-72 1479
-2 4980
44 7253
80 9026
46 7372
-86 775
-44 2894
24 6279
-66 1764
36 6861
-92 440
56 7863
-28 3682
12 5695
56 7864
-16 4258
36 6862
60 8042
-8 4669
-82 980
0 5083
96 9795
-34 3383
-18 4168
38 6963
-34 3384
-48 2684
92 9600
24 6280
-78 1190
90 9513
-84 879
20 6085
66 8325
70 8519
-40 3096
-6 4776
94 9681
-100 55
68 8431
70 8520
18 5982
-8 4670
4 5283
76 8829
82 9109
64 8235
-100 56
-100 57
-70 1578
-82 981
92 9601
-60 2052
-30 3595
52 7675
-66 1765
52 7676
-50 2573
2 5189
2 5190
-24 3889
70 8521
-74 1382
-52 2478
-42 3000
36 6863
20 6086
-40 3097
-26 3787
-94 327
82 9110
-38 3193
-90 549
44 7254
-78 1191
14 5800
-98 141
-44 2895
0 5084
-50 2574
60 8043
14 5801
72 8622
10 5598
-12 4478
22 6184
-98 142
80 9027
-28 3683
-14 4379
-22 3985
34 6763
10 5599
-64 1856
36 6864
-52 2479
-10 4572
6 5406
60 8044
-30 3596
-46 2801
72 8623
46 7373
60 8045
-16 4259
48 7486
-52 2480
34 6764
-36 3281
18 5983
88 9412
46 7374
32 6664
-8 4671
44 7255
-56 2268
-90 550
74 8729
4 5284
4 5285
-44 2896
90 9514
0 5085
32 6665
-8 4672
-16 4260
-44 2897
90 9515
-28 3684
-82 982
-58 2159
-22 3986
20 6087
64 8236
20 6088
-24 3890
90 9516
-58 2160
-20 4073
-4 4886
78 8927
6 5407
-24 3891
30 6578
-54 2373
-62 1961
-54 2374
-64 1857
40 7067
-88 664
72 8624
-46 2802
-90 551
4 5286
-26 3788
64 8237
88 9413
84 9220
-30 3597
12 5696
38 6964
30 6579
12 5697
74 8730
-40 3098
-32 3480
0 5086
-76 1292
40 7068
24 6281
50 7573
-88 665
-38 3194
64 8238
-62 1962
74 8731
-62 1963
28 6477
18 5984
54 7774
16 5901
64 8239
-32 3481
42 7164
-54 2375
42 7165
-14 4380
-98 143
-90 552
62 8153
2 5191
22 6185
-72 1480
-18 4169
-68 1677
44 7256
66 8326
-46 2803
-8 4673
52 7677
-90 553
-98 144
-18 4170
-94 328
52 7678
-42 3001
60 8046
12 5698
-56 2269
-36 3282
22 6186
-68 1678
-80 1076
-64 1858
-12 4479
-20 4074
-90 554
44 7257
60 8047
-56 2270
38 6965
22 6187
50 7574
86 9329
-90 555
-76 1293
-40 3099
-100 58
4 5287
4 5288
38 6966
-98 145
-10 4573
30 6580
50 7575
-8 4674
80 9028
0 5087
0 5088
12 5699
-86 776
20 6089
-28 3685
36 6865
8 5499
80 9029
46 7375
82 9111
-2 4981
-48 2685
-2 4982
20 6090
26 6384
-54 2376
-52 2481
-28 3686
74 8732
-72 1481
-60 2053
94 9682
-50 2575
-88 666
-72 1482
-54 2377
40 7069
-14 4381
62 8154
82 9112
-48 2686
-86 777
-46 2804
44 7258
-68 1679
-76 1294
76 8830
-4 4887
-96 232
12 5700
-60 2054
-88 667
70 8522
30 6581
60 8048
-2 4983
-62 1964
-30 3598
-58 2161
-24 3892
-28 3687
-90 556
-28 3688
38 6967
-16 4261
28 6478
6 5408
-72 1483
20 6091
-80 1077
-2 4984
-10 4574
84 9221
38 6968
-42 3002
0 5089
-46 2805
-88 668
0 5090
-62 1965
72 8625
-26 3789
-32 3482
50 7576
-8 4675
56 7865
-28 3689
36 6866
-58 2162
-24 3893
-24 3894
64 8240
34 6765
32 6666
-50 2576
-24 3895
-48 2687
42 7166
-86 778
-16 4262
40 7070
34 6766
46 7376
-40 3100
-68 1680
2 5192
-68 1681
-20 4075
86 9330
-58 2163
-74 1383
26 6385
22 6188
-28 3690
-26 3790
-76 1295
-92 441
-10 4575
-96 233
62 8155
-90 557
-76 1296
74 8733
-70 1579
96 9796
-92 442
-44 2898
-86 779
-46 2806
-70 1580
-24 3896
-22 3987
-56 2271
-26 3791
-92 443
-2 4985
-82 983
34 6767
-56 2272
-60 2055
24 6282
82 9113
94 9683
-86 780
28 6479
16 5902
-30 3599
-22 3988
98 9885
-98 146
20 6092
28 6480
88 9414
-76 1297
30 6582
-72 1484
-70 1581
-4 4888
-12 4480
28 6481
50 7577
10 5600
14 5802
-18 4171
48 7487
-26 3792
74 8734
80 9030
46 7377
54 7775
30 6583
-28 3691
86 9331
-82 984
8 5500
88 9415
74 8735
8 5501
-22 3989
-32 3483
-14 4382
-86 781
78 8928
-74 1384
96 9797
-30 3600
-22 3990
20 6093
50 7578
-58 2164
-90 558
-84 880
10 5601
92 9602
62 8156
-12 4481
-54 2378
-86 782
92 9603
72 8626
-48 2688
-72 1485
-26 3793
96 9798
52 7679
80 9031
86 9332
8 5502
-8 4676
-80 1078
-80 1079
-6 4777
-6 4778
-72 1486
-48 2689
-28 3692
-6 4779
-4 4889
24 6283
22 6189
-88 669
94 9684
36 6867
22 6190
48 7488
-10 4576
-12 4482
-4 4890
30 6584
-88 670
40 7071
74 8736
-82 985
72 8627
52 7680
4 5289
46 7378
-86 783
6 5409
-48 2690
38 6969
80 9032
2 5193
22 6191
92 9604
-38 3195
38 6970
88 9416
78 8929
-36 3283
84 9222
22 6192
42 7167
-4 4891
-60 2056
72 8628
16 5903
-62 1966
70 8523
0 5091
-94 329
18 5985
-96 234
24 6284
-72 1487
-92 444
36 6868
-26 3794
-2 4986
82 9114
-30 3601
-96 235
50 7579
-38 3196
-80 1080
4 5290
-80 1081
80 9033
-68 1682
-50 2577
24 6285
-30 3602
-92 445
38 6971
-28 3693
-36 3284
46 7379
-30 3603
-2 4987
46 7380
-44 2899
-12 4483
50 7580
46 7381
-56 2273
82 9115
-60 2057
-50 2578
-92 446
94 9685
44 7259
26 6386
32 6667
80 9034
38 6972
54 7776
-4 4892
98 9886
54 7777
-8 4677
10 5602
72 8629
6 5410
-68 1683
-78 1192
18 5986
-94 330
-40 3101
-22 3991
-28 3694
62 8157
-20 4076
-24 3897
18 5987
10 5603
70 8524
-74 1385
-22 3992
84 9223
52 7681
86 9333
-28 3695
-8 4678
-32 3484
40 7072
58 7953
-12 4484
-78 1193
36 6869
-4 4893
-50 2579
-6 4780
-90 559
72 8630
-26 3795
-22 3993
-78 1194
36 6870
-74 1386
4 5291
74 8737
-24 3898
-28 3696
84 9224
-48 2691
76 8831
76 8832
8 5503
82 9116
-60 2058
66 8327
-48 2692
0 5092
-40 3102
-8 4679
-82 986
-38 3197
42 7168
-18 4172
-48 2693
8 5504
48 7489
-2 4988
98 9887
-80 1082
-86 784
58 7954
-72 1488
-78 1195
46 7382
-16 4263
24 6286
-68 1684
-94 331
72 8631
-20 4077
-76 1298
14 5803
8 5505
-42 3003
-98 147
-44 2900
26 6387
10 5604
-22 3994
-6 4781
-2 4989
-12 4485
24 6287
74 8738
90 9517
-58 2165
-32 3485
72 8632
-72 1489
18 5988
-80 1083
-54 2379
82 9117
-64 1859
18 5989
-18 4173
32 6668
60 8049
72 8633
-84 881
14 5804
-28 3697
94 9686
-52 2482
-92 447
0 5093
-8 4680
-18 4174
86 9334
-16 4264
-100 59
18 5990
-28 3698
-48 2694
40 7073
-38 3198
-58 2166
38 6973
-74 1387
-48 2695
12 5701
0 5094
-82 987
4 5292
-18 4175
-88 671
10 5605
50 7581
-28 3699
6 5411
-64 1860
62 8158
-54 2380
-18 4176
20 6094
60 8050
-52 2483
-4 4894
-48 2696
-58 2167
60 8051
-6 4782
-64 1861
-96 236
78 8930
20 6095
82 9118
12 5702
-56 2274
0 5095
-80 1084
-38 3199
58 7955
-10 4577
-28 3700
-44 2901
4 5293
44 7260
-92 448
-74 1388
-24 3899
-2 4990
26 6388
34 6768
-64 1862
10 5606
14 5805
-4 4895
44 7261
-14 4383
-32 3486
-16 4265
88 9417
34 6769
12 5703
-74 1389
-44 2902
-10 4578
-56 2275
84 9225
10 5607
-62 1967
-64 1863
-82 988
90 9518
-70 1582
2 5194
-96 237
96 9799
4 5294
88 9418
8 5506
-48 2697
94 9687
94 9688
4 5295
76 8833
-56 2276
78 8931
64 8241
-18 4177
-66 1766
22 6193
24 6288
62 8159
56 7866
-56 2277
8 5507
58 7956
40 7074
-56 2278
-50 2580
-36 3285
-92 449
-78 1196
28 6482
-12 4486
-8 4681
44 7262
-90 560
-90 561
10 5608
74 8739
-32 3487
78 8932
-74 1390
22 6194
64 8242
-88 672
4 5296
-32 3488
38 6974
-46 2807
-94 332
-54 2381
12 5704
-72 1490
10 5609
-90 562
-40 3103
-36 3286
-72 1491
-14 4384
-66 1767
-2 4991
-86 785
50 7582
-98 148
54 7778
72 8634
-74 1391
10 5610
-56 2279
92 9605
86 9335
-2 4992
16 5904
44 7263
8 5508
-12 4487
-46 2808
-20 4078
-62 1968
94 9689
-40 3104
92 9606
28 6483
-76 1299
-66 1768
74 8740
-36 3287
40 7075
4 5297
-72 1492
-32 3489
-64 1864
-56 2280
-26 3796
48 7490
-64 1865
-78 1197
-12 4488
-66 1769
58 7957
-4 4896
-26 3797
26 6389
-38 3200
26 6390
-86 786
-20 4079
-82 989
22 6195
-76 1300
-82 990
-64 1866
70 8525
56 7867
86 9336
-96 238
32 6669
40 7076
-70 1583
44 7264
-94 333
32 6670
-88 673
-54 2382
-64 1867
-74 1392
-8 4682
78 8933
32 6671
-4 4897
14 5806
-50 2581
-90 563
42 7169
32 6672
-76 1301
-24 3900
46 7383
-84 882
34 6770
40 7077
-20 4080
8 5509
60 8052
32 6673
-50 2582
54 7779
-8 4683
-52 2484
-30 3604
-86 787
32 6674
-58 2168
70 8526
-46 2809
-14 4385
24 6289
12 5705
-10 4579
52 7682
-32 3490
-2 4993
92 9607
-58 2169
28 6484
-92 450
-18 4178
-60 2059
-58 2170
66 8328
54 7780
6 5412
-94 334
-96 239
54 7781
-94 335
58 7958
-96 240
-74 1393
-4 4898
52 7683
16 5905
-22 3995
-8 4684
-72 1493
-4 4899
32 6675
-84 883
-40 3105
-98 149
42 7170
62 8160
-88 674
84 9226
88 9419
-78 1198
-60 2060
68 8432
-12 4489
66 8329
-64 1868
-84 884
18 5991
-62 1969
28 6485
-6 4783
66 8330
98 9888
46 7384
30 6585
84 9227
84 9228
82 9119
-52 2485
-54 2383
-80 1085
6 5413
72 8635
-72 1494
22 6196
64 8243
0 5096
24 6290
34 6771
68 8433
-12 4490
50 7583
74 8741
-64 1869
90 9519
50 7584
-42 3004
-90 564
-82 991
-38 3201
-36 3288
46 7385
-90 565
-64 1870
4 5298
20 6096
-50 2583
96 9800
-8 4685
82 9120
14 5807
-4 4900
62 8161
-62 1970
-52 2486
-46 2810
-48 2698
40 7078
66 8331
-84 885
-32 3491
-40 3106
32 6676
76 8834
-48 2699
80 9035
-36 3289
-14 4386
-64 1871
28 6486
-88 675
-46 2811
-80 1086
46 7386
44 7265
52 7684
50 7585
18 5992
8 5510
-6 4784
-48 2700
68 8434
68 8435
54 7782
74 8742
20 6097
-18 4179
14 5808
-78 1199
-50 2584
-58 2171
-20 4081
-82 992
62 8162
-24 3901
-12 4491
0 5097
82 9121
90 9520
-22 3996
-86 788
-80 1087
-88 676
-8 4686
68 8436
16 5906
-52 2487
-42 3005
-8 4687
84 9229
-72 1495
60 8053
-34 3385
-28 3701
56 7868
16 5907
66 8332
20 6098
-80 1088
62 8163
44 7266
-28 3702
84 9230
-30 3605
8 5511
-10 4580
34 6772
-68 1685
-100 60
82 9122
-50 2585
90 9521
72 8636
-40 3107
56 7869
-10 4581
42 7171
-80 1089
-84 886
-54 2384
-14 4387
-66 1770
8 5512
36 6871
54 7783
22 6197
-64 1872
-76 1302
90 9522
-86 789
16 5908
-88 677
-66 1771
-4 4901
26 6391
-4 4902
-36 3290
94 9690
-2 4994
-24 3902
30 6586
-68 1686
48 7491
-52 2488
62 8164
-74 1394
-82 993
-72 1496
30 6587
-40 3108
-12 4492
-60 2061
52 7685
-46 2812
70 8527
50 7586
-52 2489
84 9231
14 5809
46 7387
-8 4688
86 9337
40 7079
-34 3386
96 9801
0 5098
50 7587
-14 4388
34 6773
2 5195
-88 678
-20 4082
-70 1584
58 7959
22 6198
-2 4995
56 7870
2 5196
-68 1687
-36 3291
58 7960
-88 679
-42 3006
20 6099
10 5611
8 5513
46 7388
-40 3109
4 5299
6 5414
72 8637
12 5706
76 8835
54 7784
16 5909
12 5707
76 8836
22 6199
-14 4389
-36 3292
-62 1971
6 5415
-70 1585
-8 4689
44 7267
-12 4493
2 5197
40 7080
98 9889
-20 4083
-96 241
58 7961
-82 994
54 7785
98 9890
-50 2586
8 5514
94 9691
-88 680
68 8437
-54 2385
-60 2062
48 7492
-72 1497
56 7871
12 5708
-58 2172
40 7081
-90 566
-76 1303
20 6100
-20 4084
-76 1304
-52 2490
58 7962
-88 681
-96 242
90 9523
-70 1586
36 6872
-40 3110
58 7963
-36 3293
-52 2491
28 6487
46 7389
-42 3007
-82 995
-70 1587
24 6291
-98 150
78 8934
58 7964
70 8528
22 6200
-66 1772
-32 3492
96 9802
-68 1688
-52 2492
64 8244
80 9036
8 5515
96 9803
-94 336
-60 2063
84 9232
-96 243
-46 2813
42 7172
96 9804
-32 3493
14 5810
38 6975
78 8935
-32 3494
-24 3903
44 7268
44 7269
76 8837
-82 996
74 8743
24 6292
-56 2281
-72 1498
26 6392
24 6293
60 8054
-90 567
-86 790
16 5910
-100 61
-20 4085
-92 451
92 9608
-62 1972
-8 4690
94 9692
-32 3495
-18 4180
-82 997
-40 3111
2 5198
-28 3703
-38 3202
66 8333
72 8638
-26 3798
-90 568
50 7588
2 5199
52 7686
50 7589
-2 4996
-4 4903
-56 2282
-30 3606
12 5709
-32 3496
-46 2814
58 7965
8 5516
-60 2064
-90 569
-18 4181
-8 4691
-40 3112
-50 2587
-40 3113
0 5099
-72 1499
-44 2903
-32 3497
-72 1500
34 6774
10 5612
-28 3704
-46 2815
-54 2386
-56 2283
10 5613
40 7082
34 6775
42 7173
2 5200
92 9609
-68 1689
78 8936
30 6588
-64 1873
44 7270
-46 2816
-26 3799
70 8529
94 9693
-14 4390
-94 337
92 9610
-8 4692
8 5517
52 7687
-10 4582
-38 3203
-48 2701
-34 3387
12 5710
-72 1501
-2 4997
-60 2065
62 8165
-54 2387
-20 4086
-40 3114
22 6201
10 5614
60 8055
44 7271
-84 887
46 7390
4 5300
-8 4693
-56 2284
-74 1395
-46 2817
22 6202
-16 4266
-80 1090
58 7966
78 8937
72 8639
30 6589
-64 1874
-32 3498
-68 1690
-86 791
90 9524
72 8640
44 7272
26 6393
14 5811
-38 3204
82 9123
-94 338
-94 339
-68 1691
-86 792
-36 3294
12 5711
-16 4267
-18 4182
76 8838
-34 3388
94 9694
-46 2818
36 6873
74 8744
30 6590
56 7872
-94 340
-22 3997
56 7873
-94 341
80 9037
-22 3998
16 5911
-100 62
2 5201
12 5712
78 8938
30 6591
-40 3115
-52 2493
-66 1773
50 7590
40 7083
4 5301
2 5202
16 5912
-64 1875
24 6294
86 9338
-72 1502
70 8530
74 8745
-56 2285
66 8334
-56 2286
60 8056
26 6394
54 7786
-14 4391
-8 4694
-100 63
-60 2066
88 9420
-54 2388
24 6295
-28 3705
-26 3800
10 5615
72 8641
86 9339
-26 3801
-76 1305
80 9038
8 5518
70 8531
-56 2287
-56 2288
-84 888
44 7273
-24 3904
-50 2588
-60 2067
-78 1200
10 5616
-82 998
-60 2068
34 6776
-66 1774
-34 3389
-48 2702
80 9039
-10 4583
96 9805
-42 3008
20 6101
0 5100
-100 64
-88 682
14 5812
-86 793
46 7391
96 9806
-72 1503
84 9233
88 9421
70 8532
-92 452
-18 4183
30 6592
-8 4695
-38 3205
44 7274
-22 3999
-54 2389
-88 683
66 8335
16 5913
-46 2819
-96 244
88 9422
72 8642
10 5617
88 9423
0 5101
-100 65
-16 4268
48 7493
-80 1091
66 8336
68 8438
26 6395
-74 1396
16 5914
-82 999
22 6203
-76 1306
-18 4184
86 9340
40 7084
-96 245
92 9611
-14 4392
-96 246
-42 3009
94 9695
-62 1973
34 6777
-24 3905
-56 2289
-84 889
-100 66
68 8439
94 9696
8 5519
-52 2494
-36 3295
-8 4696
-54 2390
-100 67
54 7787
16 5915
84 9234
22 6204
50 7591
-34 3390
-80 1092
82 9124
-34 3391
-22 4000
54 7788
2 5203
-54 2391
66 8337
-50 2589
-24 3906
4 5302
92 9612
-14 4393
-72 1504
-68 1692
-38 3206
82 9125
52 7688
-32 3499
-76 1307
-52 2495
-70 1588
84 9235
92 9613
18 5993
-14 4394
-40 3116
-86 794
60 8057
72 8643
76 8839
50 7592
-26 3802
-62 1974
24 6296
-34 3392
-94 342
-84 890
10 5618
48 7494
-32 3500
16 5916
86 9341
-36 3296
38 6976
80 9040
-8 4697
-96 247
-60 2069
0 5102
-20 4087
40 7085
-34 3393
6 5416
14 5813
-56 2290
74 8746
-78 1201
-40 3117
-18 4185
44 7275
20 6102
-20 4088
-96 248
-10 4584
-88 684
-68 1693
-50 2590
46 7392
14 5814
-94 343
-98 151
44 7276
-38 3207
-58 2173
-32 3501
-94 344
-36 3297
-78 1202
-38 3208
-48 2703
4 5303
48 7495
-78 1203
68 8440
0 5103
2 5204
-76 1308
-36 3298
-54 2392
-4 4904
-28 3706
88 9424
92 9614
68 8441
-54 2393
50 7593
68 8442
-58 2174
86 9342
22 6205
-26 3803
46 7393
52 7689
-58 2175
-50 2591
-78 1204
-44 2904
-56 2291
98 9891
28 6488
-30 3607
96 9807
68 8443
-58 2176
50 7594
74 8747
50 7595
80 9041
-88 685
42 7174
44 7277
-100 68
-92 453
-20 4089
30 6593
-38 3209
18 5994
-54 2394
-52 2496
-62 1975
-86 795
-20 4090
62 8166
92 9615
26 6396
70 8533
74 8748
2 5205
-20 4091
48 7496
44 7278
-14 4395
44 7279
-92 454
-56 2292
52 7690
32 6677
-68 1694
-60 2070
-54 2395
-52 2497
-94 345
-58 2177
-72 1505
70 8534
60 8058
90 9525
-58 2178
-76 1309
-90 570
50 7596
88 9425
-26 3804
14 5815
52 7691
-100 69
-88 686
80 9042
38 6977
-80 1093
-42 3010
-14 4396
18 5995
-56 2293
12 5713
44 7280
66 8338
60 8059
76 8840
-60 2071
-92 455
78 8939
-94 346
-78 1205
58 7967
-38 3210
74 8749
-12 4494
-20 4092
82 9126
36 6874
78 8940
76 8841
-84 891
-58 2179
-40 3118
-30 3608
-88 687
32 6678
56 7874
-36 3299
98 9892
0 5104
-68 1695
-54 2396
-100 70
-8 4698
56 7875
18 5996
4 5304
54 7789
66 8339
-36 3300
12 5714
14 5816
96 9808
16 5917
96 9809
-64 1876
-18 4186
48 7497
-92 456
24 6297
90 9526
-44 2905
42 7175
86 9343
46 7394
88 9426
-42 3011
70 8535
-70 1589
52 7692
-24 3907
22 6206
64 8245
6 5417
-88 688
-66 1775
-58 2180
-74 1397
-60 2072
40 7086
14 5817
42 7176
-50 2592
82 9127
78 8941
-74 1398
60 8060
66 8340
56 7876
94 9697
68 8444
54 7790
-40 3119
88 9427
32 6679
12 5715
-78 1206
-76 1310
-2 4998
14 5818
-70 1590
52 7693
-36 3301
-2 4999
38 6978
-44 2906
18 5997
90 9527
0 5105
8 5520
20 6103
94 9698
-32 3502
-16 4269
66 8341
72 8644
20 6104
-92 457
-70 1591
4 5305
-98 152
-32 3503
4 5306
-6 4785
-54 2397
26 6397
-48 2704
-80 1094
-100 71
-18 4187
42 7177
68 8445
66 8342
-74 1399
84 9236
-96 249
-18 4188
-2 5000
58 7968
74 8750
-26 3805
-50 2593
86 9344
-46 2820
-26 3806
84 9237
72 8645
46 7395
-86 796
-28 3707
78 8942
-40 3120
76 8842
-34 3394
10 5619
2 5206
8 5521
2 5207
16 5918
-62 1976
-28 3708
-54 2398
24 6298
-44 2907
48 7498
-78 1207
48 7499
-20 4093
88 9428
-78 1208
-78 1209
62 8167
-88 689
-6 4786
-72 1506
-50 2594
-38 3211
80 9043
-70 1592
34 6778
-72 1507
70 8536
32 6680
-64 1877
20 6105
94 9699
-98 153
78 8943
82 9128
-66 1776
64 8246
-70 1593
66 8343
10 5620
0 5106
-52 2498
-32 3504
-34 3395
-72 1508
-70 1594
36 6875
-38 3212
88 9429
-2 5001
-98 154
-70 1595
-30 3609
-58 2181
-68 1696
-36 3302
62 8168
-40 3121
68 8446
32 6681
4 5307
-64 1878
-26 3807
16 5919
-40 3122
-26 3808
72 8646
16 5920
-40 3123
24 6299
-84 892
92 9616
-44 2908
18 5998
-58 2182
-6 4787
22 6207
-14 4397
96 9810
-4 4905
92 9617
58 7969
-64 1879
-40 3124
-18 4189
-10 4585
84 9238
-98 155
4 5308
-82 1000
40 7087
-92 458
-98 156
-36 3303
-14 4398
-96 250
-86 797
-46 2821
-8 4699
54 7791
58 7970
76 8843
-4 4906
12 5716
-78 1210
-22 4001
-60 2073
-32 3505
-88 690
52 7694
-42 3012
26 6398
-74 1400
-86 798
44 7281
-28 3709
-38 3213
18 5999
34 6779
-90 571
-42 3013
26 6399
4 5309
26 6400
-10 4586
82 9129
-24 3908
-24 3909
82 9130
34 6780
-36 3304
10 5621
-68 1697
14 5819
-14 4399
-22 4002
-70 1596
-70 1597
34 6781
56 7877
-64 1880
88 9430
-90 572
-36 3305
-24 3910
70 8537
36 6876
-76 1311
-66 1777
14 5820
60 8061
56 7878
-22 4003
-96 251
-56 2294
0 5107
-56 2295
16 5921
70 8538
38 6979
-22 4004
-66 1778
12 5717
58 7971
48 7500
22 6208
-90 573
-16 4270
62 8169
74 8751
0 5108
-24 3911
-78 1211
-74 1401
-16 4271
32 6682
-56 2296
-10 4587
-40 3125
64 8247
4 5310
-32 3506
-12 4495
-82 1001
40 7088
-58 2183
28 6489
-82 1002
-56 2297
34 6782
70 8539
70 8540
94 9700
6 5418
0 5109
48 7501
26 6401
20 6106
-8 4700
-68 1698
-14 4400
42 7178
-10 4588
58 7972
-78 1212
-74 1402
84 9239
40 7089
-8 4701
-22 4005
96 9811
58 7973
40 7090
-72 1509
50 7597
-74 1403
-88 691
-52 2499
54 7792
22 6209
-12 4496
-74 1404
48 7502
-96 252
-68 1699
-36 3306
-32 3507
-12 4497
48 7503
58 7974
-2 5002
-94 347
34 6783
-30 3610
-78 1213
54 7793
-48 2705
-22 4006
48 7504
42 7179
4 5311
-36 3307
34 6784
-86 799
64 8248
78 8944
14 5821
20 6107
20 6108
-94 348
-64 1881
-32 3508
94 9701
12 5718
-52 2500
86 9345
94 9702
-44 2909
-6 4788
20 6109
-92 459
52 7695
-100 72
36 6877
-10 4589
82 9131
30 6594
-78 1214
34 6785
-98 157
-74 1405
8 5522
-80 1095
-24 3912
-54 2399
56 7879
-10 4590
64 8249
56 7880
56 7881
-94 349
-38 3214
92 9618
90 9528
-28 3710
20 6110
-6 4789
-56 2298
-80 1096
88 9431
-6 4790
-88 692
-30 3611
46 7396
78 8945
-88 693
-36 3308
-22 4007
-86 800
38 6980
-40 3126
-74 1406
46 7397
24 6300
-60 2074
72 8647
-36 3309
-16 4272
-50 2595
-70 1598
86 9346
-60 2075
44 7282
88 9432
-28 3711
70 8541
86 9347
-2 5003
72 8648
-12 4498
0 5110
42 7180
60 8062
-22 4008
8 5523
84 9240
-82 1003
16 5922
-84 893
74 8752
86 9348
60 8063
74 8753
-74 1407
64 8250
20 6111
-20 4094
78 8946
-70 1599
24 6301
38 6981
-76 1312
-100 73
96 9812
86 9349
94 9703
6 5419
74 8754
60 8064
66 8344
16 5923
36 6878
46 7398
54 7794
-78 1215
10 5622
94 9704
10 5623
-62 1977
-30 3612
-66 1779
36 6879
90 9529
-68 1700
74 8755
-6 4791
-20 4095
44 7283
84 9241
-82 1004
-68 1701
-28 3712
32 6683
-54 2400
22 6210
50 7598
20 6112
84 9242
0 5111
-48 2706
72 8649
-64 1882
-6 4792
30 6595
36 6880
-72 1510
-54 2401
-50 2596
52 7696
60 8065
78 8947
26 6402
-36 3310
12 5719
-84 894
-68 1702
84 9243
-66 1780
72 8650
-74 1408
84 9244
76 8844
88 9433
44 7284
72 8651
-26 3809
-18 4190
-14 4401
14 5822
-4 4907
-80 1097
-40 3127
56 7882
-8 4702
-10 4591
20 6113
56 7883
38 6982
-56 2299
-48 2707
-68 1703
78 8948
-66 1781
24 6302
-68 1704
52 7697
-10 4592
-98 158
-82 1005
-98 159
-48 2708
2 5208
0 5112
6 5420
-38 3215
-60 2076
50 7599
40 7091
58 7975
4 5312
96 9813
-6 4793
-80 1098
40 7092
38 6983
10 5624
-20 4096
-92 460
58 7976
-90 574
32 6684
-8 4703
-58 2184
94 9705
-12 4499
-18 4191
-98 160
-18 4192
48 7505
88 9434
10 5625
-32 3509
40 7093
-62 1978
44 7285
-14 4402
-42 3014
-98 161
-50 2597
-16 4273
-2 5004
44 7286
-50 2598
82 9132
48 7506
-48 2709
-74 1409
32 6685
90 9530
40 7094
50 7600
-84 895
-36 3311
-20 4097
-98 162
76 8845
-80 1099
-92 461
-20 4098
38 6984
-6 4794
-44 2910
20 6114
76 8846
26 6403
-98 163
86 9350
4 5313
46 7399
-8 4704
42 7181
-32 3510
14 5823
34 6786
48 7507
-48 2710
-64 1883
-70 1600
-4 4908
30 6596
-84 896
-56 2300
26 6404
-82 1006
68 8447
-12 4500
-64 1884
56 7884
18 6000
-88 694
68 8448
-24 3913
-92 462
-88 695
26 6405
98 9893
76 8847
-18 4193
-16 4274
66 8345
-22 4009
76 8848
22 6211
-44 2911
6 5421
16 5924
-78 1216
-64 1885
-88 696
30 6597
72 8652
48 7508
-74 1410
2 5209
40 7095
-60 2077
-88 697
98 9894
-86 801
-70 1601
-86 802
28 6490
-74 1411
34 6787
44 7287
-10 4593
70 8542
-30 3613
34 6788
-90 575
-88 698
84 9245
74 8756
-80 1100
10 5626
-88 699
0 5113
-60 2078
88 9435
-8 4705
-50 2599
-86 803
-66 1782
-86 804
-6 4795
-34 3396
-2 5005
-90 576
-96 253
70 8543
70 8544
-6 4796
-26 3810
-66 1783
-100 74
18 6001
-42 3015
94 9706
78 8949
28 6491
72 8653
4 5314
46 7400
-70 1602
-44 2912
-48 2711
80 9044
56 7885
-94 350
-56 2301
58 7977
38 6985
60 8066
-64 1886
-6 4797
0 5114
72 8654
48 7509
66 8346
-84 897
18 6002
14 5824
48 7510
0 5115
-96 254
88 9436
60 8067
-92 463
-82 1007
78 8950
-70 1603
72 8655
-88 700
92 9619
74 8757
-84 898
-36 3312
92 9620
-2 5006
88 9437
98 9895
-52 2501
60 8068
38 6986
98 9896
-8 4706
-60 2079
70 8545
-26 3811
98 9897
-68 1705
-50 2600
82 9133
-12 4501
70 8546
44 7288
88 9438
0 5116
-66 1784
-98 164
-42 3016
16 5925
2 5210
-34 3397
74 8758
-82 1008
14 5825
-30 3614
-66 1785
-58 2185
12 5720
22 6212
-42 3017
46 7401
-14 4403
-90 577
16 5926
-80 1101
24 6303
24 6304
-64 1887
90 9531
68 8449
92 9621
-52 2502
-66 1786
-46 2822
14 5826
46 7402
-40 3128
34 6789
40 7096
-44 2913
-78 1217
24 6305
38 6987
94 9707
14 5827
-64 1888
68 8450
76 8849
-90 578
2 5211
16 5927
82 9134
-80 1102
-22 4010
-66 1787
14 5828
-16 4275
58 7978
20 6115
-86 805
36 6881
12 5721
-2 5007
-16 4276
70 8547
32 6686
-10 4594
-30 3615
-96 255
2 5212
-14 4404
-100 75
-34 3398
82 9135
18 6003
36 6882
78 8951
-30 3616
-60 2080
46 7403
26 6406
-62 1979
-46 2823
-6 4798
32 6687
-98 165
30 6598
-6 4799
-14 4405
0 5117
18 6004
22 6213
0 5118
18 6005
14 5829
-70 1604
-36 3313
-90 579
62 8170
-6 4800
14 5830
68 8451
36 6883
74 8759
-78 1218
80 9045
94 9708
42 7182
74 8760
32 6688
14 5831
66 8347
68 8452
-62 1980
50 7601
-32 3511
24 6306
84 9246
6 5422
-32 3512
86 9351
44 7289
-94 351
-28 3713
96 9814
-64 1889
-16 4277
96 9815
70 8548
-44 2914
-94 352
-78 1219
-4 4909
-86 806
-10 4595
-54 2402
-8 4707
20 6116
-12 4502
66 8348
2 5213
32 6689
-44 2915
68 8453
-46 2824
84 9247
-16 4278
-62 1981
-16 4279
-100 76
46 7404
-84 899
50 7602
-76 1313
-92 464
-54 2403
-44 2916
-6 4801
54 7795
96 9816
-20 4099
28 6492
6 5423
-34 3399
56 7886
82 9136
72 8656
80 9046
-18 4194
-12 4503
22 6214
60 8069
46 7405
-4 4910
56 7887
88 9439
30 6599
6 5424
36 6884
-68 1706
-82 1009
54 7796
22 6215
-8 4708
-72 1511
-56 2302
-24 3914
4 5315
-86 807
-44 2917
-62 1982
60 8070
-22 4011
4 5316
-98 166
78 8952
-4 4911
-100 77
74 8761
84 9248
-80 1103
-40 3129
48 7511
-80 1104
-28 3714
-56 2303
-26 3812
72 8657
-24 3915
32 6690
-50 2601
26 6407
10 5627
-28 3715
-88 701
-6 4802
-82 1010
-40 3130
-74 1412
78 8953
-36 3314
-34 3400
32 6691
-52 2503
18 6006
-12 4504
6 5425
-50 2602
-10 4596
24 6307
86 9352
82 9137
40 7097
74 8762
-18 4195
78 8954
60 8071
90 9532
-70 1605
68 8454
30 6600
42 7183
-2 5008
54 7797
-32 3513
4 5317
48 7512
-42 3018
-98 167
46 7406
-90 580
-30 3617
8 5524
-36 3315
52 7698
-40 3131
18 6007
-26 3813
-14 4406
-52 2504
64 8251
-32 3514
96 9817
-50 2603
-70 1606
16 5928
6 5426
44 7290
-96 256
26 6408
-88 702
-38 3216
-96 257
-58 2186
52 7699
48 7513
-70 1607
-50 2604
72 8658
88 9440
40 7098
-24 3916
72 8659
-40 3132
-64 1890
10 5628
60 8072
-58 2187
-44 2918
40 7099
54 7798
-98 168
-48 2712
90 9533
-76 1314
92 9622
62 8171
34 6790
32 6692
-66 1788
16 5929
-56 2304
-60 2081
-42 3019
64 8252
58 7979
-14 4407
48 7514
-34 3401
76 8850
50 7603
34 6791
-94 353
-64 1891
-44 2919
64 8253
74 8763
-50 2605
22 6216
-22 4012
46 7407
26 6409
72 8660
62 8172
50 7604
14 5832
14 5833
-64 1892
-22 4013
-6 4803
98 9898
-72 1512
18 6008
-42 3020
-4 4912
84 9249
-10 4597
-64 1893
60 8073
-100 78
-18 4196
28 6493
-54 2404
-52 2505
20 6117
-60 2082
-92 465
-32 3515
-56 2305
98 9899
-58 2188
-80 1105
-100 79
60 8074
-24 3917
76 8851
-16 4280
-42 3021
-14 4408
20 6118
48 7515
-10 4598
-80 1106
-44 2920
48 7516
-100 80
24 6308
-50 2606
-32 3516
84 9250
12 5722
-8 4709
-56 2306
46 7408
28 6494
22 6217
-8 4710
28 6495
-4 4913
-94 354
-30 3618
76 8852
-22 4014
-6 4804
-50 2607
-40 3133
-34 3402
64 8254
-90 581
-16 4281
84 9251
62 8173
-16 4282
70 8549
0 5119
80 9047
-40 3134
-10 4599
72 8661
4 5318
-88 703
98 9900
-92 466
48 7517
-80 1107
-36 3316
-82 1011
24 6309
-26 3814
-80 1108
94 9709
-88 704
-34 3403
36 6885
-6 4805
72 8662
-18 4197
-34 3404
34 6792
26 6410
-44 2921
84 9252
-80 1109
-54 2405
-24 3918
34 6793
-94 355
-88 705
-76 1315
-88 706
82 9138
-66 1789
6 5427
66 8349
-64 1894
-2 5009
-34 3405
-68 1707
78 8955
88 9441
-68 1708
-94 356
76 8853
-42 3022
54 7799
60 8075
14 5834
56 7888
60 8076
-62 1983
44 7291
24 6310
32 6693
-92 467
68 8455
60 8077
96 9818
-84 900
78 8956
-8 4711
18 6009
-64 1895
98 9901
66 8350
-82 1012
88 9442
28 6496
-14 4409
52 7700
22 6218
0 5120
0 5121
44 7292
-48 2713
4 5319
28 6497
-56 2307
-64 1896
30 6601
30 6602
54 7800
-32 3517
52 7701
68 8456
36 6886
22 6219
-2 5010
-26 3815
-94 357
98 9902
-52 2506
2 5214
-92 468
-80 1110
56 7889
98 9903
70 8550
-32 3518
-28 3716
-54 2406
-6 4806
-28 3717
-62 1984
-96 258
46 7409
-78 1220
-60 2083
-90 582
-82 1013
-74 1413
-6 4807
-90 583
-74 1414
-42 3023
50 7605
-26 3816
40 7100
-78 1221
82 9139
24 6311
38 6988
-18 4198
12 5723
-26 3817
42 7184
44 7293
-72 1513
40 7101
26 6411
-6 4808
92 9623
-94 358
-74 1415
98 9904
44 7294
64 8255
-56 2308
32 6694
24 6312
-72 1514
-82 1014
-64 1897
26 6412
58 7980
-84 901
44 7295
22 6220
30 6603
98 9905
88 9443
-74 1416
-14 4410
10 5629
70 8551
32 6695
-4 4914
-94 359
18 6010
44 7296
0 5122
-100 81
2 5215
-94 360
-50 2608
26 6413
46 7410
-98 169
40 7102
-38 3217
60 8078
-90 584
84 9253
-78 1222
66 8351
-58 2189
74 8764
-60 2084
-84 902
-40 3135
-76 1316
-86 808
-70 1608
26 6414
-52 2507
24 6313
74 8765
36 6887
44 7297
46 7411
68 8457
44 7298
-70 1609
18 6011
-68 1709
-2 5011
-24 3919
-12 4505
50 7606
64 8256
-98 170
78 8957
-66 1790
-76 1317
-14 4411
96 9819
74 8766
-74 1417
-76 1318
-60 2085
-52 2508
42 7185
94 9710
-22 4015
-26 3818
46 7412
92 9624
-40 3136
74 8767
-86 809
-44 2922
-20 4100
-58 2190
-80 1111
26 6415
-10 4600
70 8552
88 9444
-48 2714
22 6221
66 8352
-94 361
94 9711
12 5724
-62 1985
-74 1418
-22 4016
-78 1223
-96 259
60 8079
92 9625
-72 1515
-58 2191
-16 4283
-26 3819
18 6012
6 5428
18 6013
-12 4506
-90 585
-32 3519
-44 2923
-82 1015
-50 2609
-82 1016
-94 362
-84 903
38 6989
-70 1610
16 5930
-10 4601
-16 4284
-92 469
44 7299
-36 3317
98 9906
52 7702
34 6794
12 5725
-8 4712
94 9712
-20 4101
-42 3024
2 5216
-82 1017
-98 171
-52 2509
80 9048
64 8257
-66 1791
-100 82
56 7890
74 8768
-18 4199
50 7607
34 6795
-12 4507
54 7801
2 5217
4 5320
-90 586
-98 172
0 5123
-88 707
-22 4017
-18 4200
34 6796
18 6014
74 8769
-96 260
46 7413
-56 2309
34 6797
-30 3619
-52 2510
-56 2310
64 8258
-32 3520
64 8259
-66 1792
-20 4102
-44 2924
-60 2086
50 7608
-64 1898
12 5726
16 5931
34 6798
10 5630
-72 1516
-2 5012
70 8553
-94 363
50 7609
40 7103
-42 3025
0 5124
64 8260
-66 1793
74 8770
94 9713
-16 4285
-20 4103
76 8854
36 6888
-70 1611
-10 4602
76 8855
42 7186
-38 3218
50 7610
-86 810
-94 364
64 8261
-76 1319
-98 173
-76 1320
-6 4809
80 9049
-2 5013
-42 3026
-84 904
50 7611
-26 3820
94 9714
-100 83
38 6990
60 8080
90 9534
-68 1710
-68 1711
44 7300
84 9254
60 8081
-86 811
50 7612
6 5429
-64 1899
-12 4508
76 8856
14 5835
-16 4286
34 6799
-50 2610
-76 1321
-44 2925
34 6800
26 6416
28 6498
76 8857
-16 4287
20 6119
-72 1517
-98 174
84 9255
-68 1712
84 9256
28 6499
-6 4810
-6 4811
88 9445
46 7414
0 5125
56 7891
-80 1112
40 7104
-38 3219
-76 1322
38 6991
-48 2715
84 9257
34 6801
-38 3220
14 5836
-50 2611
-54 2407
-40 3137
10 5631
-32 3521
64 8262
56 7892
72 8663
76 8858
-92 470
82 9140
-60 2087
-8 4713
-98 175
-38 3221
2 5218
-20 4104
-74 1419
-50 2612
48 7518
20 6120
52 7703
90 9535
38 6992
-94 365
64 8263
-52 2511
-82 1018
-6 4812
-84 905
-42 3027
-54 2408
80 9050
-76 1323
-58 2192
46 7415
-74 1420
-74 1421
-88 708
54 7802
-24 3920
-78 1224
90 9536
44 7301
-86 812
-66 1794
48 7519
-8 4714
12 5727
2 5219
96 9820
68 8458
48 7520
-16 4288
40 7105
30 6604
70 8554
16 5932
-54 2409
64 8264
74 8771
-20 4105
28 6500
20 6121
-96 261
-52 2512
-24 3921
-20 4106
-52 2513
78 8958
-10 4603
-100 84
-26 3821
32 6696
24 6314
66 8353
86 9353
18 6015
-48 2716
26 6417
-96 262
14 5837
-66 1795
-64 1900
-28 3718
30 6605
-30 3620
-78 1225
-86 813
44 7302
86 9354
-82 1019
-18 4201
90 9537
90 9538
-4 4915
-90 587
-58 2193
36 6889
-48 2717
-22 4018
-66 1796
-96 263
-50 2613
-98 176
60 8082
4 5321
12 5728
-74 1422
28 6501
96 9821
2 5220
-46 2825
64 8265
-76 1324
-86 814
-72 1518
-26 3822
-88 709
-50 2614
-24 3922
-78 1226
-40 3138
40 7106
86 9355
60 8083
16 5933
-30 3621
64 8266
60 8084
74 8772
78 8959
70 8555
-16 4289
24 6315
74 8773
70 8556
2 5221
16 5934
-70 1612
-48 2718
50 7613
2 5222
-46 2826
58 7981
-88 710
54 7803
94 9715
18 6016
78 8960
-20 4107
22 6222
64 8267
-52 2514
72 8664
-42 3028
-72 1519
50 7614
38 6993
-26 3823
66 8354
-76 1325
-92 471
-36 3318
52 7704
4 5322
76 8859
72 8665
-16 4290
-22 4019
26 6418
92 9626
-72 1520
-74 1423
74 8774
-98 177
-80 1113
24 6316
-38 3222
66 8355
-76 1326
96 9822
44 7303
-98 178
58 7982
-80 1114
56 7893
-40 3139
24 6317
-24 3923
-58 2194
96 9823
-48 2719
-14 4412
8 5525
50 7615
-16 4291
-16 4292
-52 2515
-54 2410
-34 3406
86 9356
-4 4916
2 5223
-86 815
-32 3522
-52 2516
74 8775
52 7705
-16 4293
-46 2827
52 7706
94 9716
-76 1327
0 5126
-46 2828
44 7304
-32 3523
-2 5014
-98 179
-14 4413
24 6318
-66 1797
24 6319
44 7305
-42 3029
30 6606
70 8557
-28 3719
-10 4604
72 8666
92 9627
4 5323
-66 1798
4 5324
-68 1713
24 6320
46 7416
6 5430
-44 2926
36 6890
94 9717
44 7306
40 7107
24 6321
-64 1901
32 6697
80 9051
-78 1227
-14 4414
44 7307
0 5127
80 9052
-64 1902
-80 1115
-82 1020
-10 4605
-6 4813
94 9718
-68 1714
-42 3030
-92 472
-14 4415
-96 264
-38 3223
48 7521
58 7983
50 7616
-70 1613
32 6698
-70 1614
34 6802
-70 1615
-36 3319
-88 711
-20 4108
-94 366
-76 1328
14 5838
-34 3407
-16 4294
-72 1521
-8 4715
-90 588
2 5224
-68 1715
-56 2311
60 8085
54 7804
-98 180
-30 3622
98 9907
66 8356
-92 473
-32 3524
46 7417
44 7308
4 5325
-50 2615
92 9628
88 9446
34 6803
-50 2616
-72 1522
-2 5015
56 7894
-40 3140
-80 1116
-22 4020
98 9908
-86 816
-88 712
8 5526
-8 4716
98 9909
-24 3924
88 9447
-20 4109
26 6419
-2 5016
98 9910
-72 1523
88 9448
-64 1903
44 7309
-36 3320
68 8459
40 7108
-74 1424
94 9719
66 8357
84 9258
-78 1228
14 5839
-78 1229
-12 4509
40 7109
12 5729
40 7110
-60 2088
52 7707
10 5632
-88 713
-60 2089
-94 367
92 9629
-62 1986
-88 714
-80 1117
-70 1616
62 8174
86 9357
-4 4917
-96 265
66 8358
38 6994
-40 3141
78 8961
74 8776
74 8777
-44 2927
-86 817
-20 4110
22 6223
94 9720
-30 3623
-8 4717
94 9721
-64 1904
56 7895
70 8558
-48 2720
-28 3720
-38 3224
-44 2928
2 5225
62 8175
52 7708
-46 2829
-70 1617
-20 4111
-18 4202
-22 4021
-2 5017
28 6502
-14 4416
46 7418
38 6995
-86 818
-80 1118
14 5840
8 5527
90 9539
-80 1119
-12 4510
-66 1799
-26 3824
-94 368
60 8086
54 7805
-36 3321
58 7984
-52 2517
-98 181
-100 85
-60 2090
76 8860
-14 4417
66 8359
14 5841
32 6699
-62 1987
-74 1425
78 8962
52 7709
-54 2411
10 5633
-40 3142
20 6122
-84 906
50 7617
-82 1021
64 8268
-50 2617
88 9449
74 8778
44 7310
-56 2312
-22 4022
-26 3825
-12 4511
-52 2518
80 9053
-62 1988
38 6996
26 6420
26 6421
6 5431
-6 4814
-92 474
-80 1120
36 6891
-76 1329
76 8861
-16 4295
-20 4112
-78 1230
-58 2195
38 6997
8 5528
-20 4113
-94 369
-52 2519
-22 4023
-44 2929
-40 3143
-14 4418
-74 1426
90 9540
8 5529
18 6017
8 5530
50 7618
-16 4296
-24 3925
-70 1618
18 6018
62 8176
-14 4419
42 7187
-14 4420
-80 1121
24 6322
-44 2930
96 9824
-84 907
96 9825
62 8177
-90 589
56 7896
-66 1800
86 9358
-32 3525
-80 1122
28 6503
16 5935
46 7419
-54 2412
-42 3031
70 8559
-74 1427
42 7188
-18 4203
-8 4718
90 9541
-38 3225
22 6224
50 7619
24 6323
-84 908
56 7897
8 5531
26 6422
32 6700
-6 4815
56 7898
-54 2413
-10 4606
36 6892
-18 4204
36 6893
-42 3032
78 8963
66 8360
-50 2618
-16 4297
86 9359
40 7111
-84 909
24 6324
-86 819
18 6019
-62 1989
-62 1990
68 8460
52 7710
98 9911
28 6504
58 7985
24 6325
-78 1231
-80 1123
14 5842
78 8964
-36 3322
56 7899
-90 590
6 5432
-14 4421
70 8560
82 9141
74 8779
68 8461
52 7711
-30 3624
70 8561
78 8965
-58 2196
22 6225
-8 4719
-32 3526
-32 3527
-88 715
-80 1124
-28 3721
-58 2197
46 7420
68 8462
90 9542
-94 370
-6 4816
-98 182
94 9722
-90 591
84 9259
44 7311
20 6123
66 8361
58 7986
-80 1125
56 7900
-46 2830
28 6505
28 6506
2 5226
72 8667
68 8463
66 8362
-30 3625
14 5843
-26 3826
42 7189
24 6326
-46 2831
-56 2313
-78 1232
-4 4918
-4 4919
-10 4607
4 5326
-92 475
-66 1801
-48 2721
-94 371
-92 476
-54 2414
-14 4422
-92 477
-40 3144
8 5532
74 8780
94 9723
-10 4608
2 5227
98 9912
-60 2091
-14 4423
82 9142
92 9630
4 5327
24 6327
-90 592
-76 1330
30 6607
68 8464
86 9360
-62 1991
6 5433
-100 86
88 9450
-58 2198
-40 3145
78 8966
-22 4024
-74 1428
46 7421
70 8562
56 7901
24 6328
-42 3033
-88 716
14 5844
-78 1233
70 8563
-60 2092
78 8967
28 6507
-8 4720
66 8363
10 5634
32 6701
78 8968
96 9826
36 6894
-44 2931
-46 2832
-98 183
4 5328
36 6895
78 8969
96 9827
24 6329
-4 4920
-8 4721
16 5936
-38 3226
-88 717
-94 372
-78 1234
-98 184
68 8465
24 6330
-42 3034
88 9451
-20 4114
42 7190
-26 3827
70 8564
58 7987
-22 4025
-100 87
-16 4298
-100 88
70 8565
-28 3722
-92 478
-6 4817
-50 2619
-46 2833
-60 2093
-14 4424
82 9143
-10 4609
44 7312
-58 2199
-26 3828
36 6896
-54 2415
-90 593
-76 1331
80 9054
-30 3626
32 6702
28 6508
-64 1905
98 9913
-40 3146
48 7522
-40 3147
-94 373
2 5228
-88 718
-28 3723
-68 1716
92 9631
6 5434
18 6020
60 8087
8 5533
-92 479
78 8970
-2 5018
64 8269
16 5937
-96 266
20 6124
82 9144
-16 4299
64 8270
-8 4722
-60 2094
-82 1022
72 8668
-16 4300
-68 1717
26 6423
-26 3829
-88 719
-84 910
-22 4026
-48 2722
2 5229
-90 594
-52 2520
0 5128
38 6998
98 9914
92 9632
-6 4818
-68 1718
62 8178
4 5329
-60 2095
2 5230
-32 3528
-8 4723
90 9543
56 7902
-46 2834
-70 1619
-76 1332
-54 2416
78 8971
-50 2620
-44 2932
-34 3408
-40 3148
32 6703
90 9544
-10 4610
42 7191
30 6608
62 8179
-50 2621
-58 2200
-4 4921
-94 374
30 6609
-2 5019
-14 4425
-20 4115
58 7988
-60 2096
-52 2521
-24 3926
56 7903
56 7904
-28 3724
50 7620
90 9545
-66 1802
-18 4205
58 7989
4 5330
88 9452
70 8566
-92 480
-100 89
76 8862
-66 1803
-8 4724
-72 1524
76 8863
-10 4611
-12 4512
30 6610
34 6804
-94 375
54 7806
22 6226
-42 3035
-72 1525
-78 1235
-62 1992
-78 1236
-58 2201
-32 3529
-86 820
36 6897
92 9633
16 5938
-50 2622
-18 4206
72 8669
64 8271
-52 2522
-74 1429
-28 3725
92 9634
-70 1620
22 6227
46 7422
14 5845
-84 911
-50 2623
88 9453
-48 2723
90 9546
18 6021
-52 2523
-54 2417
-70 1621
6 5435
-4 4922
10 5635
-30 3627
62 8180
-64 1906
-76 1333
68 8466
80 9055
78 8972
70 8567
-98 185
80 9056
-56 2314
-34 3409
26 6424
34 6805
-6 4819
0 5129
-24 3927
-94 376
16 5939
-34 3410
82 9145
82 9146
8 5534
36 6898
12 5730
44 7313
-60 2097
54 7807
-60 2098
-14 4426
-8 4725
-34 3411
52 7712
-6 4820
20 6125
-58 2202
8 5535
-24 3928
-36 3323
-46 2835
-92 481
64 8272
84 9260
-60 2099
-50 2624
-86 821
-2 5020
46 7423
-90 595
76 8864
-86 822
36 6899
10 5636
22 6228
-64 1907
-28 3726
-96 267
28 6509
-86 823
4 5331
30 6611
4 5332
98 9915
92 9635
-28 3727
54 7808
42 7192
12 5731
24 6331
40 7112
36 6900
60 8088
28 6510
-62 1993
70 8568
60 8089
-32 3530
90 9547
18 6022
-34 3412
-20 4116
54 7809
94 9724
14 5846
20 6126
62 8181
-12 4513
84 9261
-24 3929
-10 4612
-20 4117
-30 3628
-92 482
-84 912
12 5732
-44 2933
28 6511
-54 2418
-8 4726
78 8973
64 8273
2 5231
24 6332
-18 4207
-48 2724
-56 2315
-50 2625
12 5733
-80 1126
6 5436
78 8974
18 6023
-76 1334
-66 1804
50 7621
-74 1430
32 6704
-34 3413
-20 4118
28 6512
70 8569
-68 1719
-4 4923
24 6333
18 6024
-22 4027
4 5333
-90 596
-60 2100
22 6229
72 8670
-98 186
-52 2524
60 8090
-88 720
22 6230
2 5232
34 6806
-6 4821
-18 4208
-82 1023
0 5130
-24 3930
48 7523
-22 4028
56 7905
32 6705
16 5940
-42 3036
40 7113
54 7810
96 9828
56 7906
84 9262
40 7114
-72 1526
-2 5021
-12 4514
4 5334
-36 3324
62 8182
0 5131
-96 268
-54 2419
18 6025
-38 3227
58 7990
84 9263
-64 1908
-74 1431
82 9147
-32 3531
-6 4822
64 8274
26 6425
98 9916
16 5941
56 7907
96 9829
-46 2836
46 7424
-76 1335
-4 4924
-76 1336
36 6901
-6 4823
2 5233
-8 4727
86 9361
-50 2626
-84 913
52 7713
-90 597
-22 4029
58 7991
-46 2837
88 9454
48 7524
72 8671
-14 4427
0 5132
-80 1127
-86 824
66 8364
-76 1337
78 8975
58 7992
-76 1338
72 8672
80 9057
56 7908
94 9725
10 5637
-64 1909
38 6999
-8 4728
-58 2203
42 7193
-14 4428
24 6334
54 7811
-60 2101
26 6426
94 9726
40 7115
20 6127
-84 914
-40 3149
-94 377
8 5536
80 9058
-58 2204
78 8976
-52 2525
-4 4925
-76 1339
78 8977
-16 4301
18 6026
-54 2420
6 5437
-80 1128
-72 1527
-48 2725
86 9362
72 8673
-6 4824
-96 269
76 8865
-80 1129
38 7000
48 7525
68 8467
40 7116
70 8570
4 5335
96 9830
-34 3414
72 8674
88 9455
-58 2205
66 8365
52 7714
16 5942
-48 2726
-12 4515
-76 1340
-48 2727
12 5734
-62 1994
96 9831
-92 483
-10 4613
0 5133
90 9548
62 8183
52 7715
-16 4302
56 7909
-72 1528
-34 3415
80 9059
30 6612
-78 1237
24 6335
-62 1995
98 9917
-52 2526
90 9549
32 6706
-60 2102
-40 3150
4 5336
-10 4614
10 5638
-62 1996
-98 187
-80 1130
-94 378
44 7314
96 9832
96 9833
-66 1805
-2 5022
76 8866
-16 4303
-74 1432
-80 1131
14 5847
82 9148
10 5639
-90 598
-30 3629
-38 3228
44 7315
-20 4119
82 9149
0 5134
6 5438
86 9363
66 8366
64 8275
-54 2421
-62 1997
28 6513
18 6027
20 6128
82 9150
-32 3532
-72 1529
30 6613
48 7526
28 6514
-44 2934
20 6129
4 5337
-100 90
-90 599
-30 3630
40 7117
72 8675
38 7001
8 5537
28 6515
84 9264
42 7194
40 7118
56 7910
10 5640
-74 1433
8 5538
-36 3325
36 6902
-38 3229
2 5234
-46 2838
-50 2627
-6 4825
-72 1530
-48 2728
-42 3037
42 7195
-2 5023
-90 600
92 9636
94 9727
24 6336
-28 3728
44 7316
60 8091
-32 3533
28 6516
62 8184
-68 1720
-8 4729
48 7527
66 8367
-36 3326
-72 1531
-68 1721
-40 3151
-48 2729
-38 3230
50 7622
-34 3416
50 7623
-46 2839
-42 3038
34 6807
34 6808
-96 270
-92 484
-88 721
-70 1622
58 7993
-76 1341
-12 4516
-52 2527
60 8092
0 5135
68 8468
82 9151
-48 2730
44 7317
14 5848
-12 4517
84 9265
-14 4429
-98 188
-52 2528
-34 3417
-48 2731
92 9637
0 5136
44 7318
-58 2206
0 5137
34 6809
-52 2529
-80 1132
16 5943
-4 4926
-44 2935
-32 3534
-98 189
28 6517
12 5735
10 5641
2 5235
-94 379
30 6614
38 7002
92 9638
72 8676
96 9834
74 8781
-42 3039
28 6518
-86 825
-78 1238
-60 2103
-18 4209
-40 3152
12 5736
-42 3040
54 7812
76 8867
18 6028
-30 3631
-72 1532
62 8185
-28 3729
-46 2840
80 9060
10 5642
2 5236
24 6337
82 9152
-60 2104
-86 826
-50 2628
-44 2936
-56 2316
-34 3418
-4 4927
22 6231
-72 1533
60 8093
58 7994
-42 3041
-28 3730
-78 1239
-98 190
-30 3632
0 5138
-94 380
48 7528
-96 271
-6 4826
-14 4430
76 8868
48 7529
2 5237
-66 1806
-92 485
84 9266
-92 486
4 5338
-50 2629
76 8869
-64 1910
-62 1998
-82 1024
28 6519
0 5139
-16 4304
-36 3327
-30 3633
-14 4431
-38 3231
-64 1911
-54 2422
-14 4432
-24 3931
4 5339
-84 915
-82 1025
40 7119
-26 3830
-46 2841
-16 4305
-60 2105
-50 2630
14 5849
-58 2207
46 7425
-64 1912
92 9639
-64 1913
90 9550
-22 4030
-96 272
42 7196
-70 1623
-74 1434
-6 4827
-96 273
-50 2631
12 5737
-8 4730
94 9728
36 6903
16 5944
-24 3932
2 5238
60 8094
24 6338
66 8368
32 6707
-18 4210
18 6029
8 5539
78 8978
34 6810
-80 1133
-42 3042
12 5738
-96 274
96 9835
44 7319
-32 3535
-96 275
96 9836
98 9918
-16 4306
42 7197
-84 916
-74 1435
14 5850
-90 601
-84 917
-60 2106
18 6030
-44 2937
-78 1240
96 9837
-20 4120
80 9061
-98 191
34 6811
70 8571
-74 1436
62 8186
76 8870
90 9551
-64 1914
-54 2423
-84 918
90 9552
0 5140
40 7120
-34 3419
50 7624
-58 2208
2 5239
-42 3043
-36 3328
-28 3731
-32 3536
-26 3831
-68 1722
98 9919
84 9267
32 6708
80 9062
24 6339
6 5439
32 6709
-70 1624
-6 4828
88 9456
-58 2209
50 7625
14 5851
46 7426
46 7427
86 9364
-12 4518
20 6130
96 9838
2 5240
-90 602
-44 2938
-46 2842
-48 2732
88 9457
-46 2843
30 6615
70 8572
-18 4211
26 6427
94 9729
50 7626
8 5540
92 9640
-70 1625
70 8573
-38 3232
84 9268
50 7627
-92 487
-54 2424
-16 4307
94 9730
60 8095
-50 2632
-82 1026
-58 2210
-96 276
96 9839
-34 3420
78 8979
-84 919
30 6616
88 9458
38 7003
-46 2844
18 6031
-28 3732
98 9920
68 8469
82 9153
98 9921
42 7198
-2 5024
-80 1134
14 5852
6 5440
-58 2211
-88 722
-28 3733
88 9459
16 5945
10 5643
28 6520
-46 2845
-54 2425
64 8276
12 5739
58 7995
-30 3634
48 7530
42 7199
18 6032
22 6232
-12 4519
88 9460
-2 5025
46 7428
68 8470
-20 4121
-88 723
6 5441
44 7320
-78 1241
-76 1342
-78 1242
-30 3635
14 5853
64 8277
-80 1135
42 7200
-50 2633
84 9269
-56 2317
-88 724
-46 2846
96 9840
94 9731
-38 3233
-66 1807
-98 192
92 9641
-62 1999
-76 1343
-88 725
-14 4433
96 9841
2 5241
-58 2212
76 8871
90 9553
-8 4731
76 8872
86 9365
-70 1626
-34 3421
42 7201
-44 2939
24 6340
94 9732
-46 2847
-86 827
-56 2318
98 9922
60 8096
-44 2940
36 6904
-66 1808
76 8873
-88 726
-44 2941
88 9461
-18 4212
-12 4520
54 7813
-64 1915
-76 1344
-42 3044
86 9366
4 5340
-72 1534
-2 5026
-72 1535
-72 1536
-46 2848
-20 4122
86 9367
32 6710
48 7531
78 8980
64 8278
-40 3153
92 9642
-92 488
-100 91
-46 2849
38 7004
98 9923
-48 2733
-34 3422
74 8782
14 5854
40 7121
72 8677
12 5740
28 6521
78 8981
-46 2850
-72 1537
36 6905
-14 4434
-62 2000
12 5741
-44 2942
84 9270
-70 1627
20 6131
-82 1027
20 6132
-78 1243
58 7996
-90 603
58 7997
2 5242
-58 2213
48 7532
12 5742
-6 4829
48 7533
66 8369
26 6428
8 5541
-76 1345
32 6711
-36 3329
86 9368
-82 1028
26 6429
-56 2319
94 9733
34 6812
-4 4928
42 7202
-94 381
58 7998
-2 5027
-16 4308
-86 828
58 7999
70 8574
-6 4830
96 9842
-70 1628
-74 1437
-88 727
-86 829
-64 1916
-50 2634
72 8678
-42 3045
-76 1346
-58 2214
74 8783
56 7911
26 6430
-48 2734
96 9843
58 8000
-40 3154
46 7429
-92 489
32 6712
-66 1809
-100 92
64 8279
84 9271
8 5542
24 6341
-94 382
-42 3046
20 6133
-38 3234
-40 3155
84 9272
64 8280
-82 1029
-96 277
92 9643
8 5543
-20 4123
-38 3235
-22 4031
-94 383
46 7430
-96 278
-60 2107
82 9154
-98 193
-28 3734
-84 920
6 5442
4 5341
84 9273
76 8874
80 9063
20 6134
-62 2001
-32 3537
74 8784
-80 1136
50 7628
30 6617
96 9844
60 8097
24 6342
-56 2320
-4 4929
52 7716
42 7203
-42 3047
72 8679
52 7717
-80 1137
58 8001
-22 4032
88 9462
-18 4213
44 7321
-88 728
24 6343
-54 2426
-84 921
68 8471
56 7912
-92 490
-32 3538
-94 384
-18 4214
-80 1138
62 8187
4 5342
82 9155
-56 2321
10 5644
10
-8 0
-84 0
-80 1
-62 2
-58 -1
-56 3
62 5
-98 1
16 3
-34 4
50